,0,1,2,3,4,5,6,7,8,9,10,11,12,13,14,15,16,17,18,19,20,21,22,23,24,target
0,11.258931,-14.983316,40.484886,-24.044456,19.676079,-18.061852,-30.779205,12.197704,47.105663,3.5609808,7.2112484,-38.960384,-37.417233,-36.299114,26.469984,-17.972223,-12.266588,-29.264238,-27.835262,-36.373962,-49.712875,26.299074,-0.4279766,11.68153,-12.752052,130
1,9.282495,-11.044788,45.620003,-29.122568,18.940338,-12.018674,-18.945332,19.309784,52.95008,1.0619187,16.517408,-47.808697,-39.636677,-41.577335,22.696129,-20.947975,-0.51441383,-21.561188,-20.949183,-30.228413,-49.131256,29.695702,3.3256292,24.020313,-18.056248,130
2,8.550192,-14.525137,49.572445,-23.543,14.429377,-8.222307,-9.945391,8.842356,54.86923,0.31033707,15.40999,-51.067432,-29.917156,-35.961777,26.945196,-37.04914,-0.67443657,-19.921883,-14.573615,-45.57932,-50.34069,47.798054,-9.117861,23.895988,0.85596657,130
3,16.579172,-20.869518,42.794018,-24.704325,8.031331,-11.671234,-22.476702,12.223233,60.041435,6.8279037,14.589993,-52.06887,-27.997904,-32.530342,23.281788,-25.7052,-5.9104967,-33.48543,-17.549715,-45.05007,-55.026897,43.762093,-9.107891,17.725716,0.8582268,130
4,0.4176054,-7.5057497,53.65215,-17.563728,4.2676163,-0.36007547,-9.543012,20.658264,51.01643,8.443222,3.0414107,-48.270905,-32.969707,-30.22519,16.93503,-37.747177,-5.1412244,-22.47787,-21.418299,-55.394966,-41.175095,26.314743,4.2470665,19.314808,-0.51585484,130
5,6.8031826,-16.067257,46.202248,-21.847275,15.979442,-12.269115,-16.49912,3.1570168,57.812996,0.4303608,14.338051,-61.63283,-30.412464,-41.337822,33.433,-24.319798,-4.780568,-31.139935,-17.806538,-41.976574,-58.540436,40.34111,-0.8448677,19.3713,0.009853363,130
6,4.3178396,-18.99139,44.133656,-20.45972,22.130867,-12.520519,-13.248715,4.189947,51.184677,-1.9525604,18.16809,-60.182434,-38.342976,-41.09044,36.168064,-29.460697,-5.6322613,-26.91137,-17.113989,-45.75715,-60.177757,39.407253,3.2840834,16.750565,0.21928406,130
7,-1.750915,-16.344877,41.425156,-20.569689,16.015583,-10.915077,-12.410941,-1.5085058,49.02828,0.27084637,20.179836,-56.130867,-32.64042,-30.982468,33.20623,-22.91983,-4.3440924,-26.77979,-14.710419,-39.153202,-55.75481,36.628365,4.9424543,12.460506,-1.2769938,130
8,-7.5210876,-18.036837,37.41552,-23.121592,8.36586,-2.1260734,-11.926817,-2.359819,47.167816,-2.1197777,11.429522,-64.823456,-29.13936,-25.477016,32.84799,-20.47753,-9.066727,-34.62671,-13.673744,-44.910477,-53.05501,40.783916,2.3700469,5.3594933,-5.881717,130
9,-7.9741535,-22.739044,39.31201,-24.087206,4.6791964,-0.7166748,-3.1540475,8.059196,49.884056,-4.5385895,11.710297,-58.01705,-32.421204,-36.33613,33.630905,-15.644844,1.8081961,-31.71119,-9.753495,-45.257145,-60.748924,41.36957,-7.6194377,15.591007,-1.8007259,130
10,-6.6860538,-17.006922,41.2497,-20.774708,8.943218,-1.0027108,-1.123951,9.789099,43.932022,-6.5088234,13.505742,-53.82434,-36.470085,-33.750698,33.997066,-21.969837,-1.76211,-26.756912,-5.6603165,-42.168232,-56.387802,31.220972,-7.137377,16.009369,-4.644212,130
11,-12.542248,-16.548727,35.23579,-26.177471,9.17178,5.3983555,-0.88745403,10.553984,46.600315,-12.453642,13.184796,-51.898212,-42.584854,-30.651175,33.74272,-20.50085,-1.3758702,-30.034964,-4.8749943,-41.96921,-50.74673,32.913548,-1.740123,16.289337,0.42967796,130
12,-7.799865,-18.781712,29.866924,-26.499512,5.290262,7.6868095,-5.274922,14.704715,46.970444,-6.6589375,14.026489,-49.813774,-40.59099,-30.649048,33.13961,-18.496853,-1.6205955,-27.276367,-5.3058386,-37.934208,-43.18434,30.692093,-3.0798383,16.63185,-2.4130878,130
13,-12.936431,-18.640938,31.846054,-27.607182,8.9379635,9.728435,-0.8432913,11.975515,38.943478,-8.350767,12.404032,-49.95202,-45.627228,-26.403208,37.08691,-23.370613,3.6816168,-23.841522,-2.9724631,-40.452156,-37.545616,28.351742,-3.1187866,18.071913,-5.6899295,130
14,-5.5671053,-27.007065,35.667908,-27.426182,8.023499,4.207659,-0.34109592,11.117671,44.03903,-6.667803,10.410704,-49.887264,-48.60173,-26.682013,31.268446,-22.878979,-5.3238707,-26.544456,-13.131459,-46.069916,-42.471817,32.79714,-2.434187,19.866987,-4.4736,130
15,2.4260216,-8.658893,55.364944,-19.894855,8.161307,-16.019918,-7.8073664,12.820311,50.311775,10.799778,1.3155184,-49.382484,-30.969429,-30.297258,18.693987,-30.119097,-11.534221,-26.604946,-27.831877,-57.56907,-47.324364,27.413296,1.3787193,22.338411,-2.5069141,130
16,-6.5351095,-13.729713,35.60201,-22.170181,6.4957976,3.853869,-4.7957006,11.104438,40.65796,-11.709318,16.314726,-46.17579,-44.315872,-24.435608,34.232124,-28.712646,-4.5060606,-20.881657,-6.119648,-42.863506,-41.569378,32.996174,-1.2159888,15.1847725,3.750102,130
17,-6.835605,-9.865744,40.039776,-19.495468,2.5609522,1.1913428,-7.398124,5.058334,44.91703,-11.932944,14.883412,-51.62725,-44.83242,-31.959766,41.98695,-36.318626,-4.090576,-21.725636,-15.05858,-46.37073,-50.744347,36.42436,1.8335071,15.384403,7.139578,130
18,-8.66104,-12.869428,34.31344,-25.845121,5.3805847,5.449029,-6.381321,8.1991,41.76348,-10.874653,12.996235,-48.889847,-44.000786,-24.438,34.850964,-29.920155,-2.1413069,-25.178709,-3.9946828,-38.89623,-43.930023,36.30931,-3.0335155,15.718607,10.266936,130
19,-7.7675686,-15.610112,34.06713,-23.14217,4.7578554,1.1064911,-8.32213,12.906341,46.900593,-9.685156,15.28569,-54.25203,-47.272964,-28.34193,40.741035,-30.592464,-2.4398088,-24.163807,-5.8984227,-41.537327,-46.00584,34.61572,-3.2441342,15.493195,9.104333,130
20,-11.190601,-11.12075,35.18846,-21.067303,5.4168806,2.5559468,-9.679002,9.452303,40.224888,-8.656886,18.588863,-55.106316,-48.621384,-29.669289,43.197647,-26.896034,3.7637959,-20.86459,-2.9013147,-42.43224,-43.94005,34.664112,0.54136777,13.15583,13.068867,130
21,-10.73453,-10.552441,34.4804,-27.895912,6.924196,6.191358,-3.1930604,12.022265,40.984863,-17.7187,10.309483,-46.968548,-50.246548,-22.592346,31.00575,-29.915422,-2.5945492,-26.268187,-6.553176,-37.95158,-38.07467,36.24709,-3.7457213,12.806715,7.6486015,130
22,-4.999917,-14.771107,37.127087,-20.57742,1.7007957,5.66823,-12.1882515,6.057178,44.641884,-13.270196,14.615747,-51.505573,-47.557373,-22.578798,33.443848,-32.482296,0.2562294,-27.298294,-3.9881868,-43.143536,-42.87941,38.983673,-2.1209111,16.447622,10.3786125,130
23,-10.446891,-12.368936,35.578033,-18.854958,2.7164793,4.1632433,-8.808777,4.5471845,42.05293,-11.208558,11.497967,-51.43788,-46.036156,-21.648376,35.233143,-29.207108,2.6974325,-25.271818,-6.733412,-37.58141,-44.45074,38.836212,-1.4615309,16.877106,12.1103115,130
24,-1.5301042,-15.621084,38.78784,-13.364485,7.0851994,-3.9713197,-9.776923,0.0058526993,40.148357,-6.321311,12.966229,-49.96447,-43.395382,-19.95027,37.187237,-28.519547,-3.069172,-20.877937,-6.0202184,-36.667732,-43.703693,33.640907,2.0104284,9.27854,7.8906174,130
25,-8.079146,-16.478636,39.368134,-17.415195,3.235929,2.2295256,-13.314282,2.6203427,40.930016,-8.714411,11.832397,-47.641575,-46.915154,-15.385195,39.943172,-32.491013,-0.5110035,-19.537687,-5.5654,-37.39104,-36.027946,37.871616,1.0949599,13.866344,6.7766848,130
26,-0.41153717,-9.256469,54.07467,-15.26129,6.9728556,-14.487171,-12.243021,13.653349,46.728653,13.870645,3.5582755,-47.888527,-20.159702,-34.04472,15.927759,-31.81796,-10.700418,-28.243732,-31.00411,-53.00799,-48.361557,31.802544,-0.4785415,22.761305,-2.7272491,130
27,0.9842291,-14.599131,32.461014,-10.202339,11.400203,-4.855009,-13.66264,-2.8821306,32.69601,-2.8189507,15.780863,-56.702953,-44.340607,-15.701262,34.641727,-21.296143,-2.4120762,-15.321432,-7.0195823,-34.46934,-40.764896,33.307396,1.829395,5.208027,8.949625,130
28,-17.919819,-22.810833,38.329613,-15.047911,8.650181,1.6003852,-13.654949,11.933076,39.93831,-7.6701126,17.29931,-50.016582,-51.943604,-17.839775,44.799362,-30.976475,6.47182,-19.247368,-4.5283823,-37.106747,-29.748035,38.08476,-2.6683016,16.035967,6.4856377,130
29,-17.747759,-16.203766,36.542564,-21.411514,11.705005,5.667715,-6.724471,13.66219,34.909664,-12.834566,15.451907,-55.1496,-47.173782,-21.825766,41.283203,-30.45557,0.6985369,-22.584274,-7.123094,-32.444725,-32.30579,36.639767,0.28818417,12.115513,11.912502,130
30,-15.931713,-13.17176,28.361042,-23.421629,15.0730915,3.8430104,-3.5952015,5.9899325,45.472656,-19.597084,2.2497134,-52.222023,-38.83398,-17.167837,28.573215,-34.808468,-0.8393879,-28.571125,-10.520597,-30.200228,-30.46886,34.752415,-6.7770605,1.0488663,11.20543,130
31,-14.175015,-15.001568,32.647526,-14.891122,17.930416,-0.08106613,-1.363471,4.816393,36.275276,-17.907696,3.8724198,-45.83728,-41.21838,-17.312918,31.762836,-36.549538,-2.0874825,-18.055164,-8.401217,-26.571356,-26.47635,33.957695,-2.5137224,0.14111328,10.009376,130
32,-11.484741,-17.832253,33.43478,-12.265739,17.39714,-2.4579592,-4.1807375,4.978546,37.78762,-13.986083,7.2638493,-46.080204,-45.456673,-13.258892,35.906387,-33.58896,-2.9088001,-15.756241,-8.961531,-24.164787,-25.708588,37.492645,0.020796776,1.4632568,6.2586727,130
33,-11.725416,-13.95899,38.0371,-13.506524,16.292488,3.3954973,-2.8181915,7.8803554,38.650803,-12.964155,7.3078117,-44.84863,-46.172157,-22.935726,35.61753,-36.89088,-1.8208046,-20.925934,-4.8054724,-27.20321,-27.196482,37.89884,0.110477924,5.623455,8.746927,130
34,-10.115655,-21.254707,28.043465,-15.901299,16.448362,4.238447,-8.000563,11.666649,29.342062,-6.5158587,7.8262267,-43.73644,-43.185642,-17.611645,31.748169,-25.515965,-5.647965,-18.56068,-4.880578,-28.990553,-22.942635,33.399178,-3.077403,6.2627907,-1.9465928,130
35,-7.4539313,-22.701181,31.338907,-19.401691,22.083511,1.6841204,-9.276144,13.117487,25.373817,-10.9291725,10.766504,-42.03783,-43.517998,-22.824718,32.201836,-22.329292,-1.5525336,-11.727834,-9.387696,-25.847689,-23.90189,34.33347,2.9367285,8.264915,-1.9045753,130
36,-6.959518,-24.386795,27.923103,-17.458021,22.4566,2.0381896,-8.980811,12.572509,25.568222,-7.385606,6.0262246,-39.415894,-41.625347,-12.942953,26.152874,-23.650728,-4.7714443,-11.654789,-11.215429,-25.481768,-17.623154,31.388609,0.5969,7.2001247,-0.5143471,130
37,4.485443,-7.348678,53.2557,-25.3918,7.552184,-13.12809,-13.123638,6.735613,51.86934,11.165245,9.263042,-52.40786,-37.647587,-38.620354,18.435642,-29.295208,-16.46416,-30.61019,-26.845675,-62.114822,-70.0629,37.26827,2.4268758,14.693029,10.687642,130
38,-6.355253,-24.993713,33.67211,-18.195974,24.1869,1.1282108,-13.811657,13.692659,28.835175,-11.414963,5.96046,-41.999817,-40.776512,-19.262327,28.099125,-26.716911,-0.68887997,-12.9411955,-11.112196,-24.799938,-18.921188,29.618206,2.9173942,7.840851,0.9368391,130
39,-8.764505,-20.253925,32.217213,-17.30479,19.029957,0.0993768,-13.774704,13.740386,29.422482,-6.730883,13.130046,-40.1177,-44.792404,-23.455574,24.894491,-32.42961,0.7349613,-13.775541,-11.023906,-26.418459,-24.642706,28.884811,7.967032,3.8492317,9.089066,130
40,-17.147625,-16.572353,30.93945,-21.17481,26.59633,2.1200466,-11.724007,13.664067,24.045908,-11.236671,12.126446,-41.277134,-42.106564,-22.222343,30.912582,-19.802198,10.401655,-10.605599,-10.468991,-28.457636,-22.707726,25.054335,7.610354,4.0213356,-3.002203,130
41,-17.620144,-17.385515,30.089083,-19.372463,20.984562,1.3440588,-10.602536,10.377749,28.190348,-11.00549,16.423481,-47.223137,-44.062393,-26.051271,29.36866,-24.180613,9.959877,-11.416226,-7.8880053,-28.213573,-26.883947,26.289265,11.235203,3.9754028,4.4217353,130
42,-22.732801,-10.862909,27.737438,-22.352232,19.074461,2.010307,-12.409737,1.5777135,34.83551,-7.7110076,9.355323,-39.42304,-29.976322,-19.992096,17.558647,-24.150284,12.101599,-15.868927,-7.7568727,-28.82137,-31.732477,29.50474,11.753005,-6.2480297,8.378928,130
43,-26.348751,-11.229853,22.82085,-16.429773,17.574879,2.707944,-14.022377,4.051592,37.38561,-14.584286,7.843529,-40.988445,-35.18309,-15.331947,21.596579,-30.135647,7.9949045,-13.616737,-7.6686378,-34.40349,-34.064915,33.966515,8.652752,-1.9213257,12.295725,130
44,-26.37071,-12.67095,30.314785,-28.917847,16.702168,7.4083576,-15.055872,9.914063,30.45875,-9.005839,9.477648,-42.66471,-35.23681,-15.609369,28.692005,-23.9904,5.0800295,-8.173178,-6.6772985,-34.41868,-24.941063,29.931057,12.038092,-1.0892754,3.1785192,130
45,-28.255548,-17.54068,24.879898,-23.369165,23.46296,6.371558,-9.862335,13.99342,39.571995,-20.89973,6.1058216,-41.089516,-31.98278,-10.17891,24.570902,-26.548986,-0.9129994,-12.9329,-8.337784,-34.792175,-21.768974,42.327606,11.9705105,2.4814568,4.3662605,130
46,-30.613537,-17.854578,24.088467,-28.291546,21.856468,5.798081,-10.109294,17.10007,35.394173,-11.647698,5.213956,-35.105858,-34.680424,-13.469584,25.163582,-21.043816,-0.81329226,-14.957863,-7.5752544,-34.74713,-14.639151,30.304285,3.6490707,-3.4494038,2.3790264,130
47,-26.932335,-15.466992,26.555416,-22.810795,19.5255,5.407817,-6.9727907,16.43523,42.876648,-12.904867,5.9133253,-33.54518,-32.87424,-12.418334,23.22326,-22.7864,0.094594,-12.07872,-9.114346,-34.123383,-17.56466,31.151342,5.0663967,-2.5717106,2.6433372,130
48,5.2032022,0.32413125,45.938118,-23.823586,9.87505,-8.435773,-14.224272,5.3498945,50.86115,4.001566,7.656939,-48.119736,-34.996086,-30.078596,25.160618,-28.074463,-11.451408,-31.01033,-17.347715,-43.89597,-54.817474,33.19129,5.8924904,7.2392483,12.521338,130
49,-6.714584,-5.9460955,60.789814,-24.470743,-1.4281483,3.9520621,-11.489811,19.884972,16.312695,-6.5526648,25.522556,-12.523962,-28.101147,-45.272354,36.559074,-22.202202,-9.839402,-9.892042,-17.444555,-80.39264,-21.35166,23.918526,4.030671,19.889389,-58.311813,130
50,-16.774706,-17.951523,62.701477,-17.665373,13.28073,-11.607703,-33.192707,17.475468,29.72421,14.270756,23.4478,-33.93911,-30.789335,-41.96357,6.9928093,-26.71832,-24.419146,-7.5848923,-35.733963,-70.971115,-22.442259,19.093433,-17.006346,16.918348,-36.02884,130
51,-13.00332,-4.8308864,63.688618,-21.922466,3.432148,-1.7084723,-31.361603,24.638493,36.61045,3.9627173,7.5360785,-45.534386,-19.84348,-41.9831,9.222988,-13.108812,-30.116083,-22.555573,-36.636208,-68.88002,-25.475954,21.19499,-9.86193,17.889992,-31.344093,130
52,-5.341893,-12.342919,70.172745,-17.759918,12.291923,-4.7649302,-16.06311,20.874908,32.65843,3.0834832,22.913914,-34.865997,-41.509266,-40.06118,6.134508,-33.33612,-19.40784,-2.8950176,-26.51337,-65.83995,-27.477295,30.63654,-7.897002,21.261177,-28.719662,130
53,-6.924593,-9.926125,67.17848,-14.424349,10.642911,-6.888154,-22.590082,28.303381,32.398792,3.8436322,18.65576,-38.482334,-36.54097,-39.259644,3.4152174,-21.660728,-24.599407,-9.374798,-31.693562,-65.049225,-24.15357,24.693794,-12.774271,19.927074,-30.823559,130
54,-14.906807,-5.4833813,61.060112,-15.335092,11.30411,-7.7274466,-28.180792,25.90221,38.829617,3.6196268,6.1514454,-42.793556,-30.05246,-32.721878,7.2634926,-21.746408,-25.445755,-12.267111,-37.359566,-59.210663,-22.965828,25.049381,-10.65185,16.465807,-29.643627,130
55,-10.099288,1.2757559,60.545944,-16.922306,16.334038,-19.56624,-39.371872,32.047318,47.50363,11.498921,18.192192,-41.950043,-25.633827,-32.565933,-1.9186192,-31.84386,-20.644402,-17.631136,-42.985313,-55.102074,-24.750298,22.463799,-18.535,16.151154,-31.115326,130
56,3.6774569,-6.7638683,59.07898,-15.4766,8.348891,-19.391548,-28.73966,19.305723,37.33598,9.642114,14.885737,-38.901337,-34.63437,-48.51625,14.092259,-18.811262,-25.770815,-36.30797,-31.806448,-67.872536,-42.247524,11.535411,-11.00831,29.90946,-18.127703,130
57,-1.5409241,-9.095588,58.44391,-20.140388,8.229726,-19.374233,-36.496246,21.219612,36.98852,12.626012,17.799942,-41.67828,-34.518333,-37.337273,16.133842,-19.976807,-26.519344,-28.164474,-36.259407,-63.2968,-34.082825,15.233114,-14.927165,26.919369,-30.417488,130
58,-2.5876732,-18.603252,59.985954,-18.464754,12.701731,-14.417912,-30.382084,8.780407,30.835394,14.919329,22.01961,-36.03646,-39.850903,-36.0865,8.535491,-17.760305,-18.183693,-29.022707,-37.330757,-69.767456,-32.708355,9.229973,-17.243176,27.174818,-26.985786,130
59,-3.9244337,-9.475636,57.006714,-14.695539,14.697325,-21.400757,-41.570805,19.04486,37.98631,14.782524,23.500805,-37.39439,-37.570553,-47.182957,8.737486,-21.021107,-25.054743,-39.213657,-44.183052,-66.38698,-41.570778,17.189156,-6.635417,29.113516,-25.399635,130
60,-3.8759832,-8.637003,54.620224,-37.81894,6.232977,18.732735,-10.517785,30.901867,24.410473,-12.353334,26.569162,-14.001921,-43.897106,-44.060745,22.994192,-30.24654,-5.120039,-7.1615334,-19.541065,-89.79195,-16.484467,45.105003,-2.9122386,15.4697075,-71.04144,130
61,1.0866365,-15.2432,64.100716,-12.235084,19.316189,-19.405457,-41.90833,19.389986,35.54773,28.181095,11.80158,-38.505173,-25.268234,-53.495907,-5.81772,-23.558159,-18.925737,-47.870598,-52.123035,-71.73071,-37.962162,7.858341,-17.82927,20.324223,-28.25839,130
62,-2.0569205,-16.171066,59.141445,-8.510482,18.68497,-19.329569,-41.33277,12.386734,31.657341,37.61509,18.63811,-39.654465,-17.150616,-51.790794,-9.116043,-31.376364,-21.207088,-47.310574,-51.318542,-73.747314,-33.891235,2.1020281,-23.416378,19.54861,-37.233063,130
63,-9.870649,-19.86193,61.40907,-12.68828,20.8611,-28.931269,-34.30142,12.149666,26.929148,34.34653,21.122387,-37.162064,-16.733828,-52.485954,2.2349806,-34.58662,-23.966333,-44.76607,-51.34143,-65.03889,-24.771683,-5.3837523,-22.960926,21.915562,-47.402138,130
64,-3.9364777,-17.873005,61.01951,-13.166967,20.353836,-38.741356,-35.407185,16.724773,27.891514,44.01094,14.025782,-37.958748,-14.602096,-62.73496,-1.6999235,-40.221996,-25.3994,-50.453323,-50.942413,-70.35893,-26.865353,3.7809281,-26.568918,19.85509,-54.59779,130
65,5.031085,-14.797928,55.39913,-9.620914,24.79026,-42.57084,-37.152107,24.379845,17.070211,40.47678,8.219577,-32.25395,-21.119457,-72.38017,-9.704615,-40.33203,-32.897797,-44.675068,-51.40686,-67.81712,-21.354862,10.667479,-19.624598,13.508459,-50.871136,130
66,1.2317677,-12.589835,59.64302,-13.702162,17.428158,-42.571663,-38.45014,26.304249,16.580685,32.45852,13.659589,-29.444016,-16.96914,-69.906975,-2.27345,-36.671272,-32.955826,-40.8656,-47.23677,-70.25283,-28.119904,13.562564,-8.987284,18.801094,-47.96694,130
67,2.997383,-19.527626,57.009247,-25.940575,18.76783,-34.855827,-36.531246,29.512962,11.74944,32.145348,22.89228,-25.087187,-25.108318,-66.366776,-3.482974,-46.81819,-28.292252,-38.53873,-45.20535,-62.62417,-31.371681,14.013849,-15.057245,15.504846,-53.645584,130
68,-14.074173,-14.726942,51.81395,-19.804686,7.3931627,-36.76386,-35.351997,24.208277,18.403032,31.158346,17.531261,-20.663877,-17.1013,-58.650223,-5.3976727,-37.717033,-21.307467,-36.227707,-43.412586,-50.517,-29.852222,17.84305,-13.220842,15.517198,-51.51718,130
69,-5.245104,-14.117017,60.543312,-36.443954,9.575014,-37.404556,-32.150185,23.505013,6.4276,29.421469,28.578876,-24.724447,-25.746399,-61.450542,2.0401974,-41.391712,-21.537477,-35.459263,-41.787983,-63.20928,-45.932796,10.87566,-19.563646,19.012775,-48.246605,130
70,-3.4725423,-15.337067,59.06147,-33.08821,4.532915,-36.664764,-31.276112,25.408459,16.509365,32.364204,21.304722,-23.513054,-22.28157,-65.84958,-5.6373997,-37.296387,-26.102001,-38.70568,-35.5836,-62.16779,-47.66912,17.99469,-12.990879,17.16929,-45.32062,130
71,-0.7089853,-8.296338,64.94128,-43.594368,2.3777676,19.054237,-14.07848,33.05428,16.639942,-9.953273,24.363848,-15.829685,-40.43534,-46.502934,19.52254,-35.723568,-4.193262,-8.437778,-17.07386,-102.60901,-14.194651,46.739555,-9.057844,26.278185,-79.35688,130
72,-9.290575,-10.023264,62.748737,-39.67618,0.89509773,-32.08378,-40.280907,28.350489,18.312021,29.27884,21.050936,-19.383766,-16.893665,-70.384094,1.9585304,-41.984615,-31.157051,-39.697247,-42.293686,-69.35296,-37.536312,13.956877,-17.024254,20.550026,-59.17743,130
73,-12.046448,-13.661653,59.607414,-31.927124,6.0498905,-30.572075,-31.700073,21.408546,16.296227,23.581264,28.403475,-18.739017,-28.952763,-63.90957,1.2256851,-51.80506,-22.334972,-31.07753,-45.51705,-59.00013,-37.10588,15.613495,-12.652977,14.968811,-53.61642,130
74,-3.1079066,-14.940502,53.245293,-35.100327,5.5736437,-32.202988,-26.607494,24.845657,16.420334,20.892097,34.66754,-16.409086,-34.220245,-54.885567,-5.8017664,-50.180367,-14.033574,-29.122051,-34.992393,-50.336517,-32.368484,20.46268,-5.916381,9.340953,-43.282555,130
75,-2.9451127,-18.681684,53.37286,-29.10273,7.066066,-26.562222,-25.93391,6.3372717,8.994514,18.67378,45.405247,-16.073774,-41.23505,-53.123108,2.562995,-37.57874,-11.992906,-14.754902,-27.136631,-62.855827,-36.72495,29.829302,-11.956589,17.732624,-47.672783,130
76,-4.0704436,-14.655843,45.25705,-36.896988,9.891947,-26.663868,-28.560436,4.015504,6.057499,14.938055,36.08954,-15.096279,-38.575783,-53.38923,-2.7256498,-39.6458,-7.552101,-14.8679695,-30.011868,-52.660378,-30.76368,26.458973,-15.938453,14.375597,-51.845505,130
77,-2.5330439,-25.121029,47.185413,-43.184868,11.854656,-17.445322,-24.389303,14.375654,1.879695,14.612185,39.361427,-13.629869,-47.161385,-52.70114,-0.76300716,-39.90708,-5.7879066,-11.66338,-23.946045,-54.435387,-31.988235,26.32349,-17.0225,9.945393,-47.176247,130
78,-10.579221,-23.038723,51.47735,-33.480755,4.7822466,-21.652695,-27.367847,10.4539795,6.4442244,15.680189,35.64652,-13.291613,-47.360985,-51.54543,3.3709116,-43.69467,-9.538269,-14.8752575,-18.247442,-59.061935,-28.41304,28.928902,-16.22433,16.30621,-45.081055,130
79,-13.539799,-22.24786,54.71482,-32.928017,6.735982,-23.117002,-32.215454,6.4305496,10.997607,14.42707,36.123795,-11.554497,-41.85602,-49.34156,7.0147743,-37.399323,-10.896992,-10.667377,-16.894032,-65.93506,-32.995853,30.232796,-18.331453,17.95469,-44.764576,130
80,-7.466189,-20.34984,50.62493,-32.491077,13.708708,-21.880325,-30.064564,3.090269,13.755088,20.567732,25.645351,-10.732489,-39.921085,-45.09999,-0.17098999,-30.94366,-12.083527,-16.725712,-23.982159,-63.752388,-31.511992,30.553308,-18.191662,17.97813,-47.214874,130
81,0.9993601,-19.528036,53.62893,-36.977486,23.596725,-20.880974,-34.125374,6.203811,8.28639,24.374714,25.939674,-10.358345,-42.543602,-49.054443,9.228516,-33.44057,-9.918398,-9.917942,-19.534683,-50.456055,-29.75383,27.344269,-28.741423,13.15443,-56.65118,130
82,-1.7897801,-9.986843,66.067505,-49.748543,9.180727,12.36808,-7.4725623,34.645103,20.781643,-11.323508,26.605001,-18.376684,-44.743214,-46.726906,20.524935,-30.73985,-4.310608,-12.391001,-22.058033,-100.176575,-20.74422,39.833176,-5.5814824,24.217403,-69.923416,130
83,8.720261,-24.371117,55.77285,-35.039337,17.996618,-18.685492,-31.792276,10.299044,8.377549,23.134022,23.626595,-13.554924,-46.21371,-50.300423,4.4494834,-29.537342,-20.56195,-13.946428,-17.372774,-67.80893,-37.97002,26.329266,-21.805538,17.792953,-49.845936,130
84,7.646632,-28.688717,61.39065,-39.771942,16.518082,-21.791122,-31.354,13.464949,3.769135,27.975075,31.487267,-18.036552,-48.538307,-57.80303,17.326925,-25.21379,-14.919704,-12.931072,-11.540112,-74.75072,-44.81866,24.164398,-22.746918,27.992044,-50.654305,130
85,6.397907,-26.106647,58.29282,-33.09335,9.225792,-23.032215,-32.782036,7.5374966,7.6773343,25.528824,33.719425,-27.259743,-48.893433,-55.669113,15.051281,-25.831106,-17.574242,-20.66111,-6.7333746,-73.33773,-54.617645,33.66987,-17.79041,16.834064,-33.77602,130
86,15.352303,-24.602865,52.87485,-32.76716,10.893708,-19.349268,-31.903265,6.488864,8.663536,18.448128,28.647018,-29.44951,-52.14963,-52.95624,8.538959,-32.220577,-26.097832,-22.129986,-12.329005,-68.218506,-50.213364,30.727959,-18.30039,7.8491917,-29.904053,130
87,16.247269,-33.865776,62.672516,-30.651535,8.668358,-13.755743,-27.934557,11.914065,17.286777,15.954933,32.17466,-29.237217,-57.37802,-69.26942,15.940301,-33.544415,-18.475445,-22.756773,-7.901676,-73.300995,-51.892967,39.058758,-18.802708,16.015179,-26.518106,130
88,29.844334,-32.51728,62.056507,-37.954903,9.067927,-12.703796,-28.473154,11.72425,12.16554,11.738159,32.916344,-35.978134,-61.0961,-67.52947,18.695715,-28.251627,-9.3778305,-29.035362,-2.5913181,-66.11659,-50.50485,32.278084,-23.626247,14.337919,-30.186584,130
89,26.411394,-34.33999,62.213394,-36.350563,14.170624,-17.043303,-35.1657,10.195958,21.119865,10.213622,29.79177,-40.224876,-62.08628,-68.28088,16.37124,-30.738142,-21.660496,-31.635895,-2.6691532,-69.19468,-50.945,31.247366,-20.40002,9.575504,-27.654087,130
90,29.717001,-28.939022,61.54286,-32.70677,16.788826,-11.723134,-26.61506,8.537934,13.135498,11.8140335,28.820692,-37.388176,-57.69487,-68.82562,17.801643,-34.175983,-19.75647,-28.655285,-6.02728,-63.229996,-46.5303,31.486794,-19.101704,11.046595,-28.918312,130
91,32.912987,-25.239483,52.36919,-30.09056,9.180015,-8.755027,-28.126814,13.590295,28.892582,8.917793,25.548882,-41.108856,-56.632545,-57.903427,14.095006,-33.81382,-8.374172,-25.939487,-11.77739,-52.90392,-56.506943,33.32257,-13.849482,2.6138954,-12.630359,130
92,28.062752,-23.441292,53.256836,-31.168053,13.371424,-9.092684,-29.287474,7.622919,27.970495,14.82241,28.60329,-43.295715,-54.564262,-62.795853,13.429979,-33.7816,-12.938604,-28.614628,-13.58448,-58.446426,-55.821926,28.108482,-10.259994,2.4857864,-22.035236,130
93,-0.83908844,-8.022181,61.20761,-46.91765,6.2545023,12.321386,-3.80892,37.149193,21.377144,-6.764721,19.14049,-19.699738,-41.391083,-48.705334,16.340338,-38.38735,-4.1451797,-12.153671,-19.795143,-99.04108,-22.264912,45.605804,-6.410287,21.301437,-69.44427,130
94,38.173676,-33.529724,50.37818,-29.046204,19.199997,-7.9911556,-27.76878,1.9689522,32.34736,5.9126043,21.771158,-48.196144,-58.721558,-61.69176,16.920462,-32.99132,-5.730473,-24.295628,-19.789217,-57.391525,-52.840534,34.349068,-14.63151,-2.1266518,-17.374458,130
95,39.431774,-36.976173,48.49789,-34.578953,22.406002,-5.1480007,-32.83258,2.3435364,22.216358,4.129343,28.06991,-46.63055,-55.127895,-69.57937,18.980282,-21.007011,-2.6235492,-23.8119,-17.675156,-59.219963,-53.4115,27.744873,-16.63678,-3.4998016,-19.805958,130
96,42.18071,-29.405762,44.72313,-34.326496,21.359337,-4.879777,-24.030144,1.7499275,37.629173,-2.5839863,20.847189,-47.646656,-56.37822,-66.01052,23.676476,-29.16379,-3.2654,-26.814281,-24.230911,-49.32618,-39.803402,27.104496,-13.406631,-7.137287,-16.395372,130
97,38.67169,-32.38563,49.720074,-32.632103,17.34341,-6.6738305,-37.457336,5.808218,38.649136,1.3376789,20.102705,-48.40509,-59.400185,-71.06895,19.01332,-31.777777,-4.92247,-27.570217,-22.173468,-56.77437,-43.799786,31.479343,-9.9307995,-6.9319763,-17.792366,130
98,39.3397,-31.468212,42.783043,-30.640377,18.487362,-8.361181,-30.280098,5.033925,38.463367,-0.7575445,20.107815,-50.76285,-56.615303,-69.5349,26.96303,-26.819748,3.119698,-27.724281,-28.772778,-53.573914,-52.278915,32.90899,-11.378214,-1.5465279,-10.903536,130
99,37.72254,-31.457466,44.330505,-31.296638,16.117544,-6.189967,-23.995401,7.951457,38.87612,-5.632468,17.349068,-46.222496,-58.998833,-66.52289,29.319094,-25.751053,-2.539197,-27.117247,-23.256563,-50.48799,-41.60132,33.736187,-7.5683956,0.04962921,-8.402752,130
100,29.620438,-29.645363,39.26602,-30.535378,14.324497,1.5461099,-24.529,6.8095655,38.02279,-8.491082,14.640731,-53.110397,-51.017147,-59.35131,34.733086,-17.839573,1.714036,-32.262043,-20.875217,-46.576385,-42.697273,31.200615,-8.300255,-2.4918442,-4.6056924,130
101,34.67894,-31.807825,39.00971,-29.592144,15.639996,-1.3319471,-27.85071,7.38478,27.62629,-0.26953506,17.007618,-39.0194,-57.166546,-58.32689,24.891441,-21.55989,-2.4403868,-25.321533,-19.309515,-48.81405,-35.84401,31.020279,-14.243442,-7.3711433,-19.995365,130
102,31.64573,-34.683907,43.88142,-31.182552,15.956648,5.330592,-31.21878,9.656738,29.788855,4.3626127,15.154704,-42.216248,-53.893135,-62.621376,28.6008,-16.633026,-4.2922864,-34.036026,-25.13818,-58.34095,-46.449944,35.314274,-18.546383,-6.6084976,-16.1886,130
103,34.693405,-40.074467,38.16401,-32.593277,10.66382,3.3996725,-27.029608,11.441798,28.499058,5.5133443,16.59026,-38.909985,-55.972923,-67.506195,24.035976,-22.758863,-5.0333376,-29.857105,-26.374228,-50.342102,-40.17402,36.6631,-17.104029,-2.4247437,-12.236857,130
104,-3.7136269,-11.300121,61.338036,-49.191063,3.2530384,8.843954,-5.358655,36.175262,23.1031,-3.2331839,21.848171,-19.99632,-38.783035,-49.285553,12.508144,-38.821888,-4.391968,-13.441082,-21.948853,-100.11921,-17.737732,44.733585,-8.385042,24.742514,-69.193375,130
105,29.260302,-38.073616,35.651646,-36.46787,8.424959,4.9818406,-29.771442,11.640048,30.994066,10.201303,20.091127,-35.582027,-51.918274,-69.72579,24.006441,-20.168919,-0.16728592,-32.30048,-25.667171,-54.207764,-42.410507,39.796585,-20.049717,-3.910141,-15.8786335,130
106,33.2951,-37.78216,32.012974,-40.535755,0.71169186,7.1425304,-33.888474,12.023671,34.839996,7.5549684,22.76627,-34.496086,-48.408073,-68.31702,16.289001,-20.200113,-2.1766086,-37.82237,-18.752338,-48.645584,-44.41435,34.41059,-21.653717,0.78822327,-8.903259,130
107,34.120186,-33.227524,33.463356,-33.12724,5.281393,6.5706277,-36.520565,10.729544,32.552574,4.045438,16.012863,-41.376617,-45.8599,-61.253002,33.740936,-16.67834,0.2702706,-37.975132,-26.345734,-49.06964,-46.11489,34.868347,-19.64265,-7.2079563,-4.0317383,130
108,28.407154,-43.280205,36.506073,-29.25818,11.419498,-1.5564003,-33.920074,16.179573,24.339888,3.025011,21.269976,-31.60501,-56.76084,-62.638336,20.352957,-23.823538,-1.4113493,-29.499596,-26.364168,-53.24996,-40.926147,36.60469,-20.253347,-10.57069,-21.280174,130
109,28.115868,-35.101204,40.10794,-37.851887,6.0769606,2.7267275,-26.019224,10.393551,26.135141,9.162082,26.556183,-36.078392,-45.876434,-66.66907,20.122877,-27.430769,-3.9040723,-26.03801,-26.423294,-46.3033,-47.93432,35.781517,-17.192661,3.670988,-9.263874,130
110,23.752712,-38.35301,36.656494,-33.97062,11.264048,4.6119356,-22.016434,8.33406,12.016994,10.192362,24.768307,-29.345957,-46.892826,-64.39765,13.497179,-28.131771,-2.2986164,-23.13961,-36.244606,-46.700165,-49.471825,32.92846,-18.276825,-1.6493587,-8.385445,130
111,20.07389,-36.74052,37.1873,-31.879675,5.3682184,-1.6403856,-32.408257,4.4653854,13.162485,4.463369,20.596004,-31.648508,-51.2565,-60.87458,12.8023205,-23.481369,-0.8570428,-25.11373,-25.26975,-55.261078,-51.804184,26.528145,-15.155839,-10.964176,-11.987783,130
112,28.354292,-32.479446,43.02974,-35.260056,6.5626445,-3.2067642,-30.113441,6.971613,19.556923,6.7206807,15.837942,-33.099205,-53.695236,-59.046535,18.114174,-23.953524,-4.218801,-20.16834,-31.250618,-61.71229,-56.596794,29.684402,-10.950743,-6.9860535,-8.606071,130
113,33.52259,-32.48642,49.93533,-39.22264,4.2564187,-3.5740414,-33.245403,1.7594566,31.80809,9.225065,16.138569,-43.75233,-43.173775,-63.453934,11.594085,-22.271332,2.2338142,-22.798065,-43.062946,-61.272392,-58.15222,37.828182,-13.9601965,7.7001743,-6.085517,130
114,28.716583,-39.317463,53.066204,-35.5721,9.635453,-5.267236,-26.011063,4.54535,18.983034,8.262096,11.95822,-39.760696,-45.51472,-69.86383,15.499231,-6.1771126,0.29303932,-22.173464,-47.975014,-75.42177,-58.33843,37.144993,-19.310171,11.965092,-11.121869,130
115,-4.0054693,-9.034194,61.805595,-44.35188,5.5823402,3.5529978,-1.0122917,36.027958,22.977888,-1.7409697,24.200405,-20.410034,-35.28446,-51.40911,14.780706,-35.26908,-2.8945694,-15.470337,-20.449139,-94.69786,-11.946339,41.737118,-4.3382025,20.792158,-63.218513,130
116,20.396744,-31.624115,45.839333,-39.579563,7.134672,-2.445685,-23.685154,0.79962826,24.745125,10.659098,18.364656,-28.84849,-40.609447,-59.800728,12.601921,-3.2007465,-2.0535345,-16.124527,-42.575825,-72.12399,-55.16622,34.234848,-15.350272,11.172197,-15.395048,130
117,24.731556,-30.328741,54.878536,-29.46884,16.712326,-1.5017958,-16.2985,4.344548,18.61882,9.084282,17.492138,-31.075226,-52.482826,-65.47174,18.56032,-11.716217,-4.6203747,-11.38052,-46.357193,-73.317924,-52.079075,36.589054,-12.8856535,18.0782,-19.476019,130
118,30.036373,-32.132236,53.119743,-30.013103,18.853613,3.630917,-21.949123,4.4876976,8.30806,12.723972,19.95827,-16.433327,-57.833748,-57.57466,14.268387,-17.994392,-0.076828,-3.336111,-43.91752,-76.455894,-41.633385,34.562256,-16.527315,17.7404,-24.971695,130
119,22.572075,-28.382812,58.013397,-34.462326,6.764987,-3.3446856,-12.343128,6.8453703,19.461235,20.322365,18.661304,-10.3989105,-47.768448,-55.394493,21.684662,-16.9206,2.8282404,-3.2950954,-31.668278,-86.346375,-39.523678,47.721584,-18.239836,21.949642,-42.215508,130
120,25.394567,-31.23933,45.501564,-38.907593,10.993997,1.5402946,-9.811533,15.895657,32.61514,10.0532875,19.465778,-23.306849,-55.43407,-56.10034,12.745855,-17.789268,-0.93079185,-5.8649216,-19.169804,-75.98511,-41.367676,42.251167,-13.953893,6.7223167,-37.807404,130
121,27.752205,-29.320051,37.58767,-47.230526,17.355232,-1.1615353,-13.6739235,27.960373,17.830677,16.360872,26.456425,-14.785633,-53.081696,-49.283707,-3.6564102,-25.335587,2.6557713,-1.7134819,-18.159643,-72.302734,-35.049,37.59579,-17.804295,12.599789,-43.56124,130
122,24.278309,-21.582083,41.53263,-39.24176,4.562172,-1.0319567,-8.817348,23.535812,35.722424,18.755032,11.899572,-20.430416,-30.549175,-50.19477,-3.7450838,-15.50775,5.6157475,-13.028688,-17.923279,-73.54558,-36.77295,33.290092,-18.200119,9.819622,-41.969765,130
123,25.10728,-24.885046,46.60885,-37.81275,6.599079,-2.845633,1.882968,27.296307,25.94256,14.395257,13.419979,-29.941734,-47.740917,-58.553482,-3.3052,-18.055435,6.732464,-1.0216713,-18.339647,-76.221985,-38.633118,35.98098,-11.660264,12.066164,-42.88183,130
124,21.908716,-26.620256,40.400074,-41.84598,13.040327,-1.5837059,-3.232522,29.158379,16.215382,14.581259,18.204876,-16.642174,-41.52476,-53.81124,1.6432552,-12.953729,-0.2534113,-0.58763504,-12.979017,-69.47775,-35.01753,29.07058,-15.0976095,9.5872345,-41.566708,130
125,17.398102,-12.090501,36.909294,-42.92008,3.8526087,-10.834882,-13.983708,44.298786,19.275305,28.719917,18.453003,-11.103386,-19.71659,-39.318344,-12.195307,-16.490005,-4.4635735,-17.183067,-2.5761576,-63.25077,-22.905554,18.126587,-21.015537,14.339453,-47.80435,130
126,-1.6704345,-10.402945,63.183098,-46.463036,6.2385654,4.1984863,3.631374,32.94252,20.958004,-3.008524,26.11864,-16.883839,-37.922558,-53.100838,17.800785,-39.06012,-0.76790047,-9.978775,-22.2529,-93.97877,-19.463928,43.29075,-6.7486362,20.275675,-65.35654,130
127,21.685122,-27.347107,41.50111,-41.752052,13.573463,-1.5058084,0.72926664,42.621365,13.091419,18.773384,19.881876,-16.369839,-38.731262,-48.458168,1.5549908,-9.397998,-3.5053082,-9.968931,-8.077435,-70.091576,-23.677711,20.832169,-16.151348,11.076324,-52.370594,130
128,13.180697,-18.796303,34.56114,-39.319847,12.804565,-15.162034,-3.0520682,43.508827,17.709446,26.6828,20.208567,-12.604643,-21.661495,-38.844566,-0.9945793,-5.8058343,-1.9889984,-16.866264,-4.262145,-50.76989,-18.545158,18.380766,-15.131374,16.838943,-50.470406,130
129,8.978328,-17.394434,29.336815,-38.873425,8.720314,-14.46484,-3.4510043,38.19106,21.020815,24.471087,11.163565,-19.693838,-20.057905,-34.09549,-4.573966,-5.272559,-10.2016,-21.228432,-16.225166,-57.237534,-5.5886374,10.653118,-8.203377,17.63374,-46.240383,130
130,8.254533,-15.745466,33.573174,-29.967632,7.6380005,-12.681088,1.2173581,38.265137,11.142763,21.966852,8.640354,-6.8849106,-15.926786,-40.751617,0.85310936,-8.404422,-6.826643,-22.690313,-13.7399025,-53.057037,-17.033682,11.838916,-6.7383943,1.3367167,-43.023254,130
131,6.590077,-12.864395,37.80275,-27.76902,8.12952,-11.402231,-0.6411483,27.874897,17.24641,20.654076,12.92573,-7.6730366,-24.815598,-41.078125,6.0230694,-11.531154,-2.7230892,-10.473824,-14.93065,-53.23193,-16.892769,16.698061,-8.878819,12.5121975,-39.99276,130
132,8.421547,-10.890675,27.807976,-31.354366,14.06866,-12.970689,-3.9244695,38.214874,15.3919935,18.249146,12.091273,-5.025547,-17.396275,-38.493286,10.264859,-1.8125868,-0.6713066,-14.804863,-15.8582325,-37.716927,-8.378379,14.202956,-3.7252269,2.0594578,-40.083,130
133,9.724591,-19.361216,28.369492,-34.86956,11.209816,-5.51691,-0.9765549,38.905598,12.9355,16.016914,13.314578,-10.763318,-21.664482,-43.734768,4.3875675,5.275209,-3.8431273,-16.768303,-10.513141,-49.9733,-8.835798,10.757926,-6.9190197,8.257682,-41.586456,130
134,19.116867,-29.262058,43.912663,-34.95426,6.7425823,-2.459293,2.1945477,24.971231,19.580547,18.285976,16.26144,-13.350824,-32.374043,-63.787296,11.307198,6.1067,-10.48637,-18.420506,-1.298502,-69.33523,-30.122784,19.852339,-8.858273,11.633717,-42.859524,130
135,5.267702,-16.787369,21.947329,-25.696217,4.086658,-13.372459,-4.438096,24.500168,11.976627,16.964005,13.816801,-10.673884,-16.913301,-38.928524,9.150093,15.349583,-10.125546,-18.670382,-11.570628,-45.457916,-16.892849,5.185113,-9.8932905,12.322296,-48.98291,130
136,8.37533,-11.455947,29.834156,-29.96612,-9.121651,-12.021096,0.24791932,23.505411,20.925484,19.509258,6.0210524,-14.642757,-19.29638,-46.922432,10.70318,12.535999,-17.315142,-24.501953,-3.567872,-49.840435,-29.055565,6.551944,-10.656741,9.464631,-33.751102,130
137,-2.0796041,-16.53365,58.920216,-46.28521,5.598733,3.3133466,4.2199197,32.632454,15.082631,-6.354574,26.773954,-15.291851,-43.717102,-50.167973,15.735725,-32.965775,-1.6128044,-11.902185,-27.845434,-89.88927,-18.345385,37.28196,-6.0763855,24.256605,-56.003624,130
138,2.8768797,-19.605879,26.92689,-24.776342,0.44033527,-12.380035,-3.2085958,26.180536,19.14378,15.709887,9.336639,-12.805099,-20.883705,-36.607513,8.2605,13.083189,-11.902627,-19.708141,-11.74178,-39.798172,-20.524853,4.1957026,-19.163126,12.149269,-42.658722,130
139,6.772105,-19.885994,23.22478,-30.49236,0.9503994,-17.72893,2.4103212,32.63516,18.87766,15.819072,6.812726,-13.602891,-17.944817,-42.532124,7.6120586,5.268999,-13.064216,-21.901283,-9.261321,-39.196526,-17.731468,3.2274542,-12.479065,3.4287624,-39.97358,130
140,6.2020926,-17.59534,21.551481,-35.59916,1.4994936,-22.53229,4.2383137,35.1415,16.507782,13.858961,13.318604,-14.437054,-20.805733,-37.0708,2.5015726,-1.7886093,-11.500603,-11.427605,-11.445061,-28.88948,-12.889258,0.9501207,-14.163575,3.6255674,-39.103996,130
141,6.3413196,-16.481243,28.585493,-30.5856,2.990922,-18.004667,2.260224,29.961138,19.372173,13.281534,13.171347,-11.613039,-17.783894,-41.700768,4.3824844,-4.549861,-10.91736,-15.346418,-3.789281,-30.997608,-19.99128,6.461681,-13.061444,-0.44259644,-38.769775,130
142,9.360718,-21.269922,29.66282,-28.318619,-2.2947445,-20.122429,1.2590146,25.567165,17.290274,16.838036,7.6413155,-16.187847,-21.3769,-41.743908,6.2472105,1.2886953,-11.9677925,-21.220268,-6.776766,-36.59823,-30.12753,3.767586,-13.9597645,5.7316523,-39.200264,130
143,2.7501087,-17.496187,32.939915,-28.72422,3.0534925,-21.913528,-1.1260467,26.99537,26.800272,9.416716,12.0796795,-19.124332,-19.193764,-40.364754,5.529171,-13.970565,-11.853666,-19.911171,-10.664262,-33.25348,-25.629253,6.936699,-19.588163,0.654953,-43.017723,130
144,-1.153264,-15.390759,27.899519,-28.636189,8.483561,-18.368738,-4.3536806,27.200924,17.306013,9.899256,13.87185,-18.08024,-16.43498,-36.946262,9.762802,-12.896814,-10.086102,-15.764168,-9.67967,-18.98073,-22.432554,6.634254,-17.989536,0.23330402,-41.859444,130
145,-2.0399818,-18.733719,26.897026,-31.136562,0.2629714,-18.860344,3.164111,29.406118,18.316793,12.412848,6.8635926,-18.075966,-23.572752,-43.642067,1.3192587,-5.021883,-16.155893,-15.64801,-5.7676134,-33.06597,-30.940302,8.682564,-12.404867,-0.85313225,-38.999275,130
146,-6.837731,-14.0667305,32.845318,-29.007408,-5.325425,-20.722166,-1.7500043,25.398508,21.14759,11.478123,14.850599,-17.293818,-18.038181,-49.722805,3.2216158,-6.023856,-16.950996,-18.083591,-7.0373163,-33.003193,-46.615395,11.721249,-9.378684,1.7388687,-43.68133,130
147,-0.6824732,-32.664673,36.835587,-36.837433,7.5770164,-12.089621,-4.1948113,29.179794,38.34824,-3.846427,17.024784,-30.373901,-40.690956,-50.492046,10.23982,-14.461382,-16.287596,-14.35275,-12.3251915,-40.77974,-37.368443,29.786926,-10.169975,7.7358932,-41.508385,130
148,2.3277316,-21.199375,60.246918,-49.338547,3.8069353,8.366947,2.7181256,29.793837,14.657951,-5.92789,31.699709,-12.702574,-43.966827,-48.335915,8.543625,-39.393566,2.7934055,-6.7053375,-29.306871,-93.88926,-17.192543,39.4297,-8.263638,25.571373,-61.28292,130
149,-2.4696255,-25.762442,31.819542,-28.786482,6.587663,-6.135408,-1.0145214,24.223902,20.440723,5.330731,17.604107,-17.846909,-26.696415,-47.985542,7.7073383,-1.8532624,-16.154024,-21.792227,-8.605778,-36.746788,-41.209312,10.758848,-10.240593,-1.7905331,-42.787758,130
150,-13.966539,-23.424288,27.528845,-25.308619,3.9827337,-6.25615,2.278998,26.28732,18.362492,4.0698814,12.257014,-13.199369,-24.701899,-42.540764,6.9794464,-6.5848546,-21.515081,-18.96095,-8.129682,-24.358263,-31.786736,11.177547,-11.833356,-8.6429,-35.757004,130
151,-22.093605,-23.85662,28.911589,-26.90424,6.0079136,-5.4343076,1.6535184,32.605152,26.595617,2.0601027,12.949493,-17.960308,-24.506613,-42.290268,12.733889,-5.9098425,-25.30715,-31.280483,-9.76263,-29.987024,-35.34951,6.937648,-17.938023,-8.504482,-34.61259,130
152,-20.545523,-23.819832,25.778442,-26.436203,11.646737,-5.3068333,9.441665,36.56311,21.809534,2.4014149,9.891151,-18.105373,-23.144829,-49.24082,13.117997,-2.58785,-21.957819,-21.812653,-7.5798583,-21.518324,-30.930767,12.15175,-12.129311,-12.82028,-29.839111,130
153,-20.443624,-29.652245,24.804678,-29.342754,22.547543,-1.7256728,7.5596414,38.229324,23.619059,-2.1709442,14.906828,-21.40371,-27.433971,-48.573994,15.342089,-5.9292803,-20.753653,-17.844664,-8.00592,-22.290482,-25.004093,16.275414,-5.2584724,-8.714149,-23.197088,130
154,-19.446133,-21.734758,21.837486,-24.356762,14.158358,-7.3955755,5.2956257,35.38842,20.19856,-1.6864159,13.4119425,-19.519905,-21.458294,-42.299175,8.343568,-4.9804707,-19.247095,-20.551056,-4.8800297,-19.126122,-30.286785,11.84439,-10.545542,-12.212399,-24.706451,130
155,-20.542147,-24.750963,20.21635,-23.168055,14.293545,-10.389618,3.177805,30.04955,21.200653,-0.55326104,14.489588,-23.8759,-21.42228,-39.569717,14.268763,-1.0327497,-21.033813,-19.072834,-3.8632588,-19.257786,-28.328121,15.24922,-10.039685,-8.671131,-25.20319,130
156,-22.925543,-22.78579,20.060734,-24.773922,15.818334,-8.968483,0.81899,35.627373,27.250332,-2.912504,13.641909,-22.745089,-16.386267,-40.107193,16.514942,-7.187627,-23.938868,-19.095495,-8.406919,-20.97005,-23.103367,19.739756,-5.908938,-7.949276,-27.70495,130
157,-21.398163,-22.231792,21.700237,-29.438034,14.380823,-7.106577,0.8926439,38.500988,27.754274,-4.841161,15.101967,-17.302074,-19.702713,-39.046783,17.810783,-1.4674697,-21.914612,-17.822552,-10.846881,-24.420547,-25.316116,21.669628,-8.368177,-6.4507732,-32.835674,130
158,-20.47071,-25.833494,15.3471155,-34.81056,15.820038,-2.0460904,-6.746751,32.6026,19.159657,-2.65844,13.375519,-21.879936,-20.40225,-29.663858,19.53626,0.060969353,-21.528055,-25.066978,-10.859114,-26.26626,-23.453293,10.769067,-11.928625,-3.441208,-31.775293,130
159,-3.1537986,-20.804506,60.673233,-45.875954,3.8672647,7.2012095,-3.7856379,32.757027,11.726274,-2.5664806,33.737587,-11.006838,-45.374332,-50.00607,15.268916,-35.30353,1.1783295,-11.027107,-30.260668,-93.767685,-14.694973,35.79934,-6.9970546,30.656921,-59.069008,130
160,-9.608845,-16.489346,55.150177,-24.496147,0.77524185,1.8634263,-10.612407,23.483177,21.112534,0.15512753,21.434072,-9.421757,-33.389458,-46.177597,29.867044,-22.965046,-12.722751,-14.2213,-19.580355,-88.78508,-22.508434,26.839603,3.2249217,15.98344,-58.987183,130
161,-17.009975,-26.926874,11.622008,-36.93664,17.400059,1.7920449,-4.9259253,36.759827,12.8302355,-3.2163777,14.435555,-21.355207,-22.247675,-30.799763,18.376085,0.72915554,-18.630453,-23.965117,-5.53093,-22.595985,-23.30911,9.785033,-9.75796,-1.4035187,-30.266195,130
162,-19.728558,-33.148216,19.46228,-31.787426,25.114613,5.000435,-1.6730701,28.52834,18.856968,5.6096625,12.357857,-37.40045,-25.335997,-39.905273,26.142504,-2.6993923,-25.42957,-28.097176,-9.033472,-31.428326,-20.149565,18.621178,-3.1203914,-3.4727993,-27.450628,130
163,-16.693577,-19.728424,15.729434,-32.069794,19.433514,-0.79671216,-10.153207,36.369316,12.17804,-1.7806668,9.354723,-20.51462,-10.948087,-39.124664,21.947298,2.0194454,-12.927042,-25.577473,-3.7101784,-24.335278,-18.97102,9.423361,-6.7566967,-10.407148,-28.859919,130
164,-22.531925,-22.137688,19.11497,-32.951023,25.15038,-3.6224208,-14.476597,33.266132,22.282417,0.5647297,11.34471,-31.75667,-16.956009,-42.266964,31.542011,-7.4863067,-16.986866,-30.610554,-1.4312897,-32.455597,-10.7955065,14.903653,5.570554,-9.483381,-24.273016,130
165,-19.209415,-24.262808,17.50141,-30.366192,29.491217,-5.209818,-8.055067,30.372776,19.926512,-4.022599,12.207452,-25.373549,-25.55092,-42.33036,32.472095,-11.020901,-16.059425,-23.02323,-11.821327,-34.963505,-19.941483,17.98806,6.831799,-6.9316654,-23.650757,130
166,-19.52314,-23.172028,12.864387,-31.003561,28.242012,-3.4530594,-9.293976,33.205193,18.914837,-3.1887398,10.908835,-17.813917,-24.454754,-38.952652,32.19793,-6.500593,-16.877407,-24.89484,-9.937725,-34.575516,-16.166945,17.371288,8.33418,-5.2831593,-25.077421,130
167,-21.80688,-19.004269,20.434004,-26.315094,28.50121,-5.8354244,-13.0204315,27.158947,25.154882,2.2733707,8.618908,-27.214058,-22.283,-39.730812,38.578693,-8.563407,-13.859787,-24.40595,-10.54716,-38.638237,-18.544739,14.839649,8.416065,-9.616262,-20.840454,130
168,-30.830805,-23.25024,21.054657,-29.173248,18.943558,-6.8901277,-24.0882,27.797955,25.91449,9.125096,12.150052,-26.4034,-13.0313635,-40.00196,36.680725,-7.0377593,-21.942013,-39.549984,-0.8440647,-37.09894,-11.4359455,22.46395,1.8170394,-3.8592396,-24.760231,130
169,-25.496258,-17.22388,18.124214,-27.135239,19.451681,-7.185299,-14.512554,30.605446,22.61224,2.226705,11.802703,-22.75198,-12.904362,-41.590202,33.153885,-7.7701483,-20.459595,-22.72215,-8.171162,-27.927872,-10.541014,25.059925,-0.7839798,-8.274414,-24.875698,130
170,-23.089607,-9.67996,18.893597,-15.651476,11.765892,-11.202842,-14.530271,22.986397,17.254135,5.7689166,3.1523967,-19.563232,-9.253834,-35.35653,33.780582,-1.2525816,-22.957603,-26.417892,-13.392084,-32.9876,-13.986867,26.837837,-10.101814,-2.5599384,-25.397974,130
171,1.6089482,-26.89296,65.035805,-46.96038,8.851599,6.1347084,-3.6968555,28.710596,16.082233,-3.936038,36.976852,-13.33445,-48.913162,-46.16086,2.2392998,-42.52147,0.54785156,-8.762777,-28.422386,-96.397446,-18.672825,33.57292,-8.64483,34.69066,-53.15529,130
172,-22.56417,-17.01493,18.334915,-21.01715,14.512676,-10.276773,-9.971599,24.07418,18.39509,3.230259,6.7490535,-23.019514,-13.052805,-36.45441,30.783318,-3.320315,-23.276726,-21.998327,-15.516591,-24.97683,-8.736428,22.904816,-14.001891,-3.8250313,-21.004063,130
173,-24.180006,-14.057857,18.129976,-12.19006,13.937017,-17.639473,-5.946783,22.953388,19.541443,-0.30163956,14.292191,-18.194843,-17.181889,-33.302197,25.523443,-2.4566627,-21.6045,-10.358216,-23.368376,-25.74083,-16.939802,28.074202,-4.2457404,-9.827679,-20.080523,130
174,-19.008167,-14.993039,19.01235,-18.474182,11.361323,-7.308532,-10.364647,14.984062,26.749687,0.95476866,5.6437025,-25.592333,-20.83319,-34.221657,27.595446,-10.612411,-12.4825945,-15.466671,-20.247753,-31.100004,-20.589506,13.11777,-6.668851,-8.52722,-7.027582,130
175,-20.754913,-11.94051,20.0088,-9.374704,7.9931774,-17.100748,-3.3601437,22.125536,22.763535,1.2903752,7.790752,-20.977592,-16.347782,-35.41323,27.987852,-7.509665,-18.429535,-12.717231,-19.332802,-23.862026,-18.326443,24.4696,-6.6362553,-9.169615,-12.691687,130
176,-28.798693,-13.433301,20.895388,-14.322606,7.422861,-13.232563,-8.18614,22.64559,29.921759,0.626112,2.3644302,-27.363956,-17.814758,-38.206093,32.668926,-8.451578,-22.008785,-16.593082,-24.257418,-28.2827,-15.655123,25.641869,-15.619508,-3.385582,-13.618858,130
177,-31.965775,-18.180786,21.121422,-12.456563,10.538883,-11.59009,-11.530373,22.819935,33.881462,-3.495471,2.930014,-27.720257,-16.08328,-33.016983,31.836092,-10.5048065,-18.6966,-19.194407,-20.830065,-35.7181,-14.906479,25.965008,-7.655456,-7.9440536,-9.587685,130
178,-37.04971,-19.206196,22.90208,-9.502209,10.659828,-16.613525,-14.604618,22.850103,29.18966,-0.8419652,7.218033,-26.782661,-14.00432,-28.511929,33.371017,-7.633054,-22.951992,-17.813324,-23.940735,-38.978027,-13.888638,20.793339,-6.883322,-7.5840816,-13.692608,130
179,-31.318626,-14.683796,22.446278,-14.053356,7.725424,-17.367617,-10.820811,19.787619,32.01155,2.7347283,-0.9380908,-27.610733,-22.912601,-34.526245,34.37194,-16.626104,-13.287402,-19.247826,-19.10556,-37.78734,-17.570314,15.498247,-6.587589,-6.7995777,-6.6409664,130
180,-24.945518,-18.424706,24.44191,-20.665672,12.96217,-22.31092,1.3664136,28.784573,25.156372,2.8621788,5.045774,-17.808983,-19.377268,-37.507034,34.15363,-5.1239424,-18.371883,-14.904762,-24.82751,-30.74536,-11.860998,21.25143,-8.752785,-5.8421593,-23.194313,130
181,-26.807528,-17.105186,20.175991,-24.591106,11.001969,-25.858654,0.91716814,25.714626,27.457172,0.76824737,3.8947413,-18.606766,-19.491644,-38.11399,25.436836,-8.4474745,-17.810156,-9.832692,-27.32795,-26.28605,-12.328846,19.187214,-13.659977,-7.8524685,-19.032862,130
182,7.6876554,-23.903221,72.62362,-46.669006,4.8104124,9.023324,-4.3182306,26.308987,19.956188,-4.722456,32.970707,-10.394783,-52.67406,-43.041466,5.7071495,-48.324356,0.56565094,-12.23708,-24.91103,-99.76029,-18.482195,38.23432,-8.347689,36.892494,-52.46834,130
183,-31.460339,-17.591032,20.408348,-20.183743,6.6358747,-22.943123,-3.8255699,24.322548,25.313396,4.9605603,7.9791903,-22.835712,-11.687431,-37.36028,23.912771,-12.535427,-16.421923,-13.316015,-21.988031,-24.971992,-13.136589,17.617725,-11.6209955,-5.159787,-16.747398,130
184,-31.309818,-12.138413,24.164915,-12.9731865,4.2173033,-20.766554,-6.0362234,19.238903,20.020855,6.091221,9.447713,-26.53071,-14.507641,-37.028244,25.745354,-17.78898,-18.477943,-11.305239,-23.24773,-29.774591,-17.606182,15.432681,-11.774808,-3.3238697,-19.607193,130
185,-32.597294,-12.17825,21.436186,-14.89199,8.671259,-19.431076,-0.29381895,25.83498,18.207146,0.9087205,6.2642646,-22.844885,-16.664726,-38.267918,26.665909,-17.20025,-20.164051,-10.685821,-24.76598,-26.879904,-10.809211,16.74845,-8.550084,-7.865939,-22.338348,130
186,-30.087088,-15.897692,23.572876,-12.380251,5.3671494,-21.827148,0.08540845,26.884983,17.239134,-0.041226387,10.536081,-22.443567,-9.880144,-38.787807,24.956877,-13.2765465,-22.024204,-13.266062,-24.46188,-33.478073,-12.141941,21.993092,-9.632337,-2.4659615,-18.26225,130
187,-27.39378,-13.623123,21.690578,-9.685841,5.961747,-19.647911,4.3975115,27.5602,16.943218,0.821193,12.215323,-18.846016,-5.9146824,-36.95481,25.42141,-13.008189,-24.219444,-10.802029,-23.843838,-29.027609,-8.134037,23.01152,-6.6820307,-2.178669,-23.686163,130
188,-24.147583,-16.6468,23.06077,-7.1263895,7.452402,-12.213024,1.0576029,20.071543,17.840042,-1.657898,13.6988945,-26.03965,-9.219275,-38.9459,21.927303,-22.153603,-17.048489,-17.478806,-18.452894,-30.113737,-18.13251,22.85468,-1.8423476,-2.7041664,-6.5669966,130
189,-29.030258,-15.667349,19.83728,-10.30238,-4.0582266,-14.660847,-1.0429835,23.180222,30.16951,-1.2369823,15.658459,-22.459335,-13.248906,-34.286446,20.131496,-23.811031,-20.452694,-13.469024,-17.575726,-33.1201,-15.869845,32.74025,-4.550809,1.5288849,-4.8344193,130
190,-24.897089,-15.797926,21.394108,-8.247063,-1.4027786,-12.008825,3.2881694,21.167921,28.831423,-0.14649081,14.365797,-19.679455,-16.020359,-30.122684,16.129566,-20.3423,-19.220098,-15.595627,-16.296663,-27.589209,-18.225649,28.724724,-7.4953814,3.3448544,-4.7735806,130
191,-21.311386,-14.408768,16.39024,-5.3114796,-1.6073952,-4.5390377,-2.5295591,17.262947,27.958847,2.1540315,16.24671,-26.362782,-8.974785,-27.031975,14.244598,-21.707756,-16.42156,-15.398237,-15.385628,-25.575062,-18.743473,20.124912,-7.3014975,3.190115,-1.805006,130
192,-21.479671,-10.589907,22.250183,-9.440675,3.1012,-9.621501,-5.8202515,20.394691,21.248589,4.7513494,17.38509,-29.985645,-9.553642,-32.964817,13.62903,-20.884115,-15.588137,-15.582792,-17.694195,-27.202547,-20.535686,20.195171,-8.7793255,6.6248913,-3.7269683,130
193,1.6922064,-15.939258,65.078606,-44.62358,2.9552631,-0.7744019,-11.038204,33.00036,18.406624,-2.4234018,33.073063,-17.958849,-39.23952,-47.744766,14.945667,-30.667973,0.83379936,-18.812279,-21.850153,-93.72308,-10.181339,31.003517,-12.011775,29.378437,-62.2752,130
194,-25.140158,-7.421959,16.80596,-11.58798,-5.1987247,-14.991353,-4.0728245,25.217293,20.74978,3.6371975,22.860064,-29.505478,-8.47559,-35.649155,13.130096,-21.68429,-23.725376,-20.411865,-16.280098,-30.969929,-18.157959,28.190561,-9.580365,2.1732311,-23.54393,130
195,-27.739616,-10.813864,12.195177,-12.384998,1.8302956,-10.451426,-2.5036888,29.581718,16.214987,-0.017160416,21.971119,-25.267462,-8.669072,-38.86929,18.840475,-22.236572,-28.917225,-23.131186,-18.405127,-25.171402,-14.455745,24.597765,0.38811493,2.8668604,-20.346125,130
196,-28.271812,-14.4627075,12.639256,-9.162713,3.8102689,-12.205803,3.566947,39.497482,17.805435,3.5662699,29.06111,-26.377953,-9.567874,-42.184975,15.739594,-29.880112,-28.33568,-28.787903,-24.157711,-25.318378,-12.253105,30.170143,-0.5226407,1.9551811,-21.049362,130
197,-25.597248,-17.189625,15.905447,-0.03893709,5.548997,-15.541398,13.197749,37.27222,20.1954,0.18270206,26.478846,-17.814814,-10.605473,-39.29511,11.214994,-30.825867,-30.538708,-25.863342,-21.372992,-18.747541,-13.882458,35.57413,-2.1462946,1.2288017,-17.113043,130
198,-21.018602,-17.424318,13.5366955,-8.208278,0.6095085,-6.6073904,3.4818845,46.761772,23.019653,-4.5857234,22.877436,-20.9652,-5.7308207,-40.907463,5.267107,-28.919634,-30.14894,-16.710627,-19.241116,-19.091778,-6.3471174,34.096222,4.1326475,-0.59358597,-25.057896,130
199,-22.938324,-14.892189,13.913433,-6.955164,-3.1140833,-17.327158,-2.6276207,36.50796,30.12875,4.0694227,25.14368,-10.850527,-4.848036,-30.79208,-0.8377867,-19.089209,-22.056923,-15.434956,-19.438887,-7.538289,-4.5961347,27.777935,0.43715763,3.7889757,-15.891039,130
200,-16.488903,-12.697167,15.742911,-4.217999,-0.7347255,-7.172673,2.5073633,37.68659,30.611912,3.09582,18.922329,-16.079052,-6.310216,-36.791653,1.8838463,-23.730719,-20.48297,-18.772438,-18.643885,-6.1874995,-4.084201,25.946304,1.7493203,-0.65642834,-20.801687,130
201,-18.633986,-6.638051,11.910315,-8.978606,-3.4242024,-16.04158,-3.5876856,33.04471,29.6833,2.3322835,24.922787,-6.5648108,-5.761269,-32.66781,-2.3168068,-17.239916,-16.979944,-19.506084,-22.894533,1.8759742,-1.9989536,21.88487,3.2221851,-1.0787296,-23.759315,130
202,-17.819729,-14.346489,16.424225,-5.547574,-1.0734148,-7.8143187,-4.004773,34.69365,22.69026,6.3515787,15.058932,-19.350704,-3.028337,-38.869648,4.9057255,-21.892046,-25.576864,-14.623129,-18.353329,-15.894804,-4.1993704,27.849083,-2.6819425,-6.727207,-20.818657,130
203,-21.519526,-14.143141,15.055186,-6.0684547,-0.70035267,-0.67065954,6.6286745,31.876507,30.35548,-1.9773076,17.568863,-20.073126,-2.9279175,-35.690838,10.401234,-19.95437,-26.238712,-15.96351,-12.082556,-10.426161,-10.004514,31.214203,1.1055758,-7.301796,-13.439143,130
204,4.497987,-24.950123,68.156685,-45.610264,1.7301083,2.310059,-8.305641,28.497164,14.332645,1.0454502,39.10195,-10.489471,-44.583805,-49.193134,11.52158,-38.55081,3.6532154,-13.017988,-25.30358,-95.04693,-13.5519905,30.50827,-17.043737,38.162636,-62.259357,130
205,-23.128366,-13.267881,14.639353,-1.0954237,-3.4466991,-5.570979,10.326233,29.527376,36.646023,3.1674051,13.909271,-11.149868,-2.5429335,-35.490135,6.70199,-26.250225,-29.06015,-10.893029,-13.8655815,-14.666787,-10.179519,34.115803,2.30681,-6.0194206,-14.81959,130
206,-24.486605,-11.31259,17.452469,-3.6841826,1.4712715,-5.849016,9.209139,27.65033,27.878988,-0.93081367,15.580252,-15.461098,-10.466005,-27.801317,5.951997,-21.743267,-24.228373,-10.919073,-16.23336,-6.812084,-14.871901,26.333342,0.3701794,1.0230808,-9.801508,130
207,-18.159164,-10.026738,19.693325,-7.0147896,4.028928,-14.944288,8.432577,28.408363,33.760834,2.2711232,13.092377,-13.646797,-7.9323664,-36.409744,10.145737,-20.124279,-23.832413,-10.510405,-16.886528,-11.34749,-10.417261,25.20472,-0.43245578,-1.5717773,-10.382526,130
208,-17.08505,-7.4121966,24.82522,-11.899304,1.0279217,-29.441273,0.9898758,32.593197,25.91146,5.289524,26.88883,-6.6578712,-8.539921,-15.315761,8.297607,-14.435628,-11.768021,-12.954075,-28.339756,-4.5879145,1.7923152,17.360916,1.2460245,4.7353725,-18.230228,130
209,-9.343559,-9.464817,18.847506,-16.030651,2.296946,-15.857829,1.0372863,36.57601,26.553524,0.0559783,18.61371,-11.333533,-13.497627,-17.332672,4.6886444,-10.973293,-14.861991,-6.950237,-22.381159,-11.344394,1.5986524,13.446758,-5.729846,-1.6724424,-9.375802,130
210,-11.6684885,-10.004874,21.016708,-13.208628,9.870527,-19.065126,0.04879284,35.3944,27.20847,3.2984648,21.483381,-12.13715,-8.701701,-19.951506,4.415724,-9.020449,-11.978963,-11.007867,-27.413307,-5.562701,6.740384,12.191013,-1.3404799,3.1711192,-10.392355,130
211,-8.8202505,-10.375759,30.50855,-2.199873,8.16768,-16.695377,15.856249,39.099396,26.261053,9.468686,17.893635,-10.153269,-17.140123,-30.705994,14.554698,-15.29146,-19.03612,-11.592426,-25.110374,-10.185867,1.8317175,15.263131,-3.2254128,7.2289443,-17.393742,130
212,-13.930727,-11.929006,24.568748,-9.855846,8.636523,-9.345044,8.49518,41.78743,31.797503,2.41988,16.55459,-15.616837,-14.345746,-36.6299,14.451607,-10.175018,-23.76112,-14.069317,-21.423176,-6.3372297,7.138299,17.67353,0.78124356,-6.323224,-12.828699,130
213,-9.246734,-15.137782,26.01793,-12.144342,11.651776,-10.783857,11.954746,41.666794,33.746788,-2.6367595,13.607447,-18.185287,-23.280375,-37.741165,19.774961,-9.881271,-23.643322,-22.348816,-23.293114,-12.290843,4.130314,15.246315,1.3750939,-1.5878506,-12.575113,130
214,-15.210665,-9.158836,32.243702,-9.28767,13.599135,-29.01247,6.7463636,36.72015,25.580309,0.38531876,31.214016,-6.662815,-24.447418,-26.673222,4.0514455,-9.393976,-16.7666,-11.874485,-29.186693,-7.9021463,15.757666,19.987978,-5.0824504,11.179566,-23.291588,130
215,-6.4222264,-19.070627,66.72724,-43.315018,3.7420864,1.8142514,0.9642396,30.204964,18.231514,-1.7287493,30.048647,-8.330639,-41.64862,-47.862907,15.298241,-39.44464,2.6632729,-7.1912537,-26.468868,-95.02413,-11.398527,37.537056,-9.160515,29.277817,-55.5739,130
216,-12.851326,-10.389198,27.553513,-5.517156,18.482752,-33.336914,5.674308,31.214348,14.816103,1.8014708,26.785328,-12.950493,-19.736963,-32.265694,6.077811,-10.184756,-21.225733,-18.199879,-29.760897,-7.709903,14.347822,17.267574,-3.51157,11.331143,-25.515728,130
217,-12.557227,-16.933811,30.88141,-5.2952166,14.965786,-34.79795,0.09561825,24.33159,24.572979,7.7603664,27.379196,-14.848581,-13.01704,-24.340916,-5.1991673,-0.6681347,-14.822096,-12.271234,-31.65623,-6.577607,15.411778,14.786512,-13.773081,7.0174127,-25.171917,130
218,-1.9700499,-14.24521,33.334595,-8.725496,25.126015,-44.885593,-6.306882,10.266834,19.097303,13.921202,24.720388,-17.631332,-6.3700466,-16.623106,-12.727634,8.521738,-16.67443,-15.836159,-38.99625,-16.340605,16.785034,13.595631,-21.78069,9.167896,-36.296013,130
219,-2.4355183,-18.16817,35.967117,-8.6071615,22.60243,-37.37052,-5.8786364,21.132187,31.302904,6.654186,30.93551,-15.303771,-13.061538,-17.592705,-12.125423,12.97108,-4.9752064,-16.101265,-38.309055,-12.845373,21.855587,17.900648,-17.58925,5.8813725,-22.121128,130
220,0.12323189,-21.461529,33.61486,-4.4344287,28.507175,-38.084156,-7.11588,30.778185,17.668365,6.0882063,27.435844,-14.855552,-9.019987,-26.263277,-4.971698,6.791898,-17.77857,-19.043911,-36.1092,-14.784489,25.227646,9.227428,-13.751114,5.4708977,-33.673798,130
221,-10.1473465,-28.826214,31.27483,2.0013545,24.369328,-24.405243,-0.73741055,38.240685,20.754904,7.864044,29.06796,-17.107944,-14.567394,-40.285282,9.0231495,3.8589268,-26.39204,-24.57266,-28.349503,-4.772195,17.737926,16.264051,-7.3183312,13.055769,-26.944443,130
222,-6.1536255,-21.229845,34.275726,3.7966702,21.260216,-22.179111,1.071701,28.944565,19.848518,5.1941433,31.23138,-16.015247,-14.32731,-33.240417,5.5969677,12.261873,-27.18475,-22.405167,-25.740517,-12.298616,16.565987,16.156794,-12.762838,10.04732,-27.983377,130
223,-12.702337,-21.08612,34.742264,-1.9245634,13.060783,-14.894604,4.110134,31.132446,22.41305,8.362791,22.594496,-22.833576,-9.718656,-39.057705,12.512798,15.149666,-31.823727,-26.584211,-28.355179,-2.3555775,13.006628,16.488,-6.477167,7.5453444,-24.305475,130
224,-16.387924,-23.813772,36.89626,-3.2225409,10.721452,-11.805137,12.164392,28.01224,28.102388,5.8042808,27.86289,-26.520874,-13.741312,-27.036425,13.15287,9.422153,-34.85388,-25.330978,-21.891472,-13.278983,7.4610176,21.86392,-12.239342,9.515798,-17.036385,130
225,-16.571527,-19.205338,29.867344,-1.1334889,15.88645,-14.615117,12.337822,25.492085,26.028221,7.243461,28.155132,-22.210255,-6.098672,-24.967943,15.241635,10.120303,-34.77956,-30.097664,-18.218426,-17.379314,1.5654931,23.485704,-13.22182,11.956554,-12.333441,130
226,-9.111368,-19.32515,68.626724,-39.74585,1.4618683,-8.5012245,-10.275679,40.152,13.185088,7.434105,33.927547,-15.336025,-35.956287,-51.20452,25.890953,-25.802223,-2.8894348,-16.173296,-21.15726,-91.77359,-12.085295,29.589603,-6.2196817,34.829628,-62.56327,130
227,-18.100073,-15.087862,31.466326,-3.294374,8.87612,-10.577838,9.861444,26.585285,20.021019,10.620201,23.270111,-32.84752,-6.8499565,-27.39461,16.239794,17.59771,-33.410057,-29.355333,-25.111774,-12.135054,-0.8501663,25.817677,-6.3806844,2.0558167,-19.55764,130
228,-20.854462,-21.344833,27.967777,-2.9274414,8.057409,-11.086086,10.099085,30.097645,27.539593,7.3749914,20.766344,-32.667347,-9.049023,-31.211216,16.773561,16.633324,-36.98712,-28.179401,-17.814125,-18.671803,1.6846685,30.248173,-11.978518,-0.77765083,-17.932203,130
229,-15.123602,-17.328463,31.948849,-4.6223593,3.6818562,-11.222102,11.891897,27.74887,24.411886,3.4658604,19.908484,-32.96224,-7.4556,-31.697945,14.959858,14.748262,-37.421608,-26.74552,-24.954247,-20.763475,3.0828009,31.85949,-7.1031704,-0.5402074,-20.626999,130
230,-11.099163,-13.393663,24.147264,-3.794857,3.4672318,-4.4063525,7.0168657,30.32365,21.703266,-0.12772894,19.447475,-29.189503,-7.954159,-25.593422,19.467447,16.560833,-37.75378,-32.188206,-20.920399,-24.279772,-4.424942,28.866835,-0.94541705,0.8854656,-13.615789,130
231,-12.620913,-13.559274,34.15448,-6.333341,3.6119976,-9.931959,6.642872,28.507877,17.921112,0.48192406,14.541211,-27.240786,-0.2239666,-29.539703,27.97542,10.825505,-34.0306,-27.64538,-21.886278,-28.270185,-7.501806,22.594833,-0.10501552,4.255954,-18.667135,130
232,-12.496708,-20.501863,37.861053,-4.766791,3.5142307,-19.743076,4.095297,24.944532,17.359417,0.99935174,9.4705305,-37.853043,-1.1488266,-36.01099,36.292362,2.372312,-36.629982,-30.058838,-22.348663,-27.08531,-14.698545,19.307762,-4.678512,12.325222,-21.45977,130
233,-9.777676,-17.811726,36.098568,-12.655855,2.3267937,-9.161659,4.3480644,21.805744,32.637627,-6.585973,5.063155,-42.076523,-7.900885,-32.6926,30.319853,3.0795414,-31.015478,-36.816765,-23.652395,-35.147804,-14.432254,25.463099,-5.401238,13.169181,-15.379298,130
234,-13.704887,-17.231314,37.466785,-17.752945,10.680887,-4.8432736,8.904018,18.116228,39.24323,-4.3430343,4.8183994,-43.95719,-12.653164,-34.666508,32.148285,-0.15420195,-25.612307,-29.09776,-22.134022,-27.779593,-14.729737,37.90393,-7.131503,8.248138,-15.872591,130
235,-15.230368,-12.913753,33.12648,-18.780697,16.299616,-4.061291,-0.57006645,13.997271,35.958393,-6.7028346,-1.3973808,-38.7432,-12.542743,-28.69765,30.349943,-3.1596203,-25.913988,-28.472622,-10.865959,-28.998974,-19.039349,33.072998,-4.183778,3.8364077,-5.988638,130
236,-11.453338,-10.541462,34.530647,-17.132286,8.873632,-12.271431,5.2671366,17.8593,37.149193,-3.994833,10.146881,-41.504955,-13.785697,-30.384903,27.758547,-5.05295,-30.84713,-34.798836,-18.112206,-23.858723,-20.726494,32.07924,-9.585651,2.7130556,-10.234193,130
237,-5.0811915,-24.887896,67.179344,-51.395763,2.8153896,-5.512752,-17.239218,46.635567,17.612875,9.060694,40.086937,-16.507019,-36.431313,-60.60483,20.386501,-30.538666,-3.7616348,-14.982388,-23.208664,-90.486664,-6.77334,36.23062,-10.58147,40.318947,-77.6891,130
238,-12.590981,-7.1091003,31.891998,-13.910844,12.077633,-10.268431,1.549056,10.324158,38.544716,-8.846251,2.9453068,-43.55948,-17.024067,-29.493887,27.28044,-10.41058,-23.285332,-28.146803,-12.522318,-25.858309,-24.168911,34.2817,-6.3131676,1.058464,-5.2183065,130
239,-17.00453,2.217996,32.765354,-20.458227,8.159677,-9.237887,-0.7750225,18.240276,43.088745,-5.8913918,6.4560504,-47.575523,-22.702244,-26.21178,17.425299,-18.96375,-22.707438,-22.458996,-18.913465,-21.747585,-16.066557,35.79238,-15.887349,4.797432,-9.077897,130
240,-13.964481,-3.3779478,30.838097,-12.606308,4.013262,-11.226022,-2.4323626,14.779293,37.618835,-6.0912714,5.077806,-44.617306,-13.341918,-24.236767,16.394693,-15.826743,-25.78534,-25.88242,-11.687074,-22.720404,-17.589985,33.40956,-14.232283,-0.8799534,-4.9999294,130
241,-10.376263,-6.635663,33.679623,-14.37208,10.328785,-2.5241933,3.3969536,15.979408,39.16184,-7.6745834,2.3374355,-39.874996,-13.102845,-25.738686,22.844673,-12.4349375,-24.851997,-24.169373,-14.964336,-25.227625,-12.673954,29.971725,-13.621501,2.531231,-5.3257694,130
242,-10.86735,0.33508444,35.95363,-19.026506,13.160092,-0.646245,0.76003075,18.503231,45.538204,-14.145116,7.435035,-42.739376,-23.744946,-26.253899,24.42029,-16.255873,-21.306044,-18.858944,-12.6183605,-28.621408,-19.405643,38.36048,-7.0038686,3.9558525,-5.9507475,130
243,-15.892809,-7.0522094,37.599228,-16.807281,8.871417,-12.664404,4.6128445,22.008226,42.744553,-15.621197,-5.275644,-39.287704,-24.012764,-21.110695,23.290218,-12.276289,-24.415117,-9.859426,-14.286588,-27.13809,-9.6331005,34.713024,-21.699581,-1.2737408,-20.090082,130
244,-15.897929,-3.7958746,43.00554,-23.883167,12.744058,-9.033957,2.6445847,17.493038,44.008568,-21.44878,-7.056024,-40.69961,-29.772514,-16.986736,18.553265,-12.148959,-24.566408,-4.2722073,-12.178272,-32.86324,-17.984514,34.04261,-16.511148,3.3045197,-16.517971,130
245,-13.129565,-1.2328634,40.20591,-21.660446,10.572188,-12.71776,-1.4212122,17.585566,44.429543,-15.07965,-3.280037,-38.679176,-30.326176,-26.501408,22.280552,-15.5979,-17.522219,-6.104245,-18.935019,-30.601255,-15.164217,27.924236,-15.458583,1.8998642,-19.35532,130
246,-8.497221,-5.7243853,38.46913,-24.195362,3.1837864,-4.767869,-1.1479645,22.527435,45.880974,-14.475274,-5.459359,-28.738924,-22.124271,-24.632843,18.225554,0.8125361,-21.81248,-13.646336,-14.831146,-32.208828,-21.191147,17.838224,-18.32348,2.4330769,-27.946852,130
247,-8.922494,-8.785362,37.121246,-23.188215,9.157167,-9.909802,-1.8778086,26.08834,41.212994,-12.128652,-1.9257479,-34.277344,-29.061161,-26.32965,25.062447,-8.48449,-14.437601,-6.980091,-17.187838,-25.38162,-13.205582,19.27277,-14.948221,-3.433775,-31.995956,130
248,-3.9516592,-29.851421,69.38397,-46.513584,6.4097347,-4.5927134,-12.461032,44.675735,22.0399,10.775026,39.589252,-13.361828,-36.639633,-56.55731,23.35166,-34.75188,-0.52897453,-14.9185295,-23.951077,-94.474655,-8.382561,35.069656,-9.647906,38.238033,-75.398766,130
249,-7.6625834,-7.1808352,37.735874,-22.41826,5.745966,-10.383485,-4.5234137,21.080517,40.221474,-11.840879,0.36452436,-31.804588,-25.040508,-30.014692,24.450176,-12.862057,-16.638191,-11.952036,-19.54682,-31.175776,-18.761528,19.04651,-15.411337,-0.33314514,-26.43869,130
250,-1.628597,-2.8081627,39.747326,-28.81654,3.4482174,-19.559736,-8.473905,21.902922,37.862396,-11.386569,0.47016382,-26.176641,-19.767776,-36.614677,30.72815,-10.117569,-19.437798,-19.044785,-18.292957,-32.08661,-28.287762,18.98018,-15.768935,2.9853764,-29.794212,130
251,-6.5833044,-4.031648,41.84745,-19.106377,-6.0571175,-27.94381,-8.118833,24.331076,39.030636,-1.126564,1.6879845,-24.779541,-15.970433,-42.20613,26.82378,-15.874678,-24.085249,-27.307884,-24.406387,-28.216324,-28.230888,24.868328,-16.248276,10.009557,-30.419992,130
252,-12.359576,-4.6041307,38.567284,-23.824953,-7.292528,-26.777466,-7.9500065,28.317999,43.017704,-0.089859724,4.0132837,-29.8181,-13.592969,-39.40188,35.006706,-4.994513,-32.75621,-29.86141,-24.940376,-36.448784,-29.826141,22.838753,-10.100526,-0.5900879,-33.899437,130
253,-2.7652118,-1.3740368,36.747635,-27.734016,-9.948547,-21.538456,-19.939558,22.520985,34.301235,1.2807498,-0.6048857,-26.454006,-15.2523155,-43.835167,26.218027,-12.459196,-14.228779,-22.542496,-28.8244,-37.924637,-25.386927,9.193249,-11.672147,3.806446,-36.76846,130
254,-11.367148,3.2146814,32.118607,-11.183834,-1.6731644,-16.825195,-0.020065308,12.020827,46.516434,-1.616205,11.331686,-34.720474,-14.75396,-35.041496,23.898819,-19.514042,-20.606838,-13.170119,-20.519964,-30.974333,-49.113407,39.445065,-5.00064,-1.8668709,-22.95556,130
255,-1.1808279,3.8731155,39.337624,-30.43544,-1.6426392,-21.20414,-18.85975,27.966515,35.38144,2.511992,-1.2579207,-19.776188,-9.753331,-40.618965,19.49529,-15.774017,-18.769575,-26.275116,-32.24293,-40.185745,-15.898222,7.4708405,-10.940081,1.6121235,-28.847424,130
256,-2.4606109,-3.9280357,39.44363,-35.63861,6.399725,-22.081068,-19.574,22.92031,30.040615,1.4482667,2.8532467,-22.940279,-9.622518,-39.257732,30.735497,-13.683979,-19.054409,-19.493637,-37.12985,-36.20238,-18.370272,1.6703053,-7.80855,-3.484599,-40.59742,130
257,-16.258308,-0.7009754,44.860695,-35.8227,4.460779,-26.62186,-11.720312,32.08174,30.216919,-2.0788164,-1.3263016,-18.271921,-7.8557024,-48.716267,36.904,-11.339411,-22.305878,-14.000171,-33.700706,-32.944607,-13.533335,8.266018,-6.091695,-7.0656204,-46.646065,130
258,-9.150944,1.5053549,43.362804,-37.628838,4.344614,-26.289806,-12.295078,32.326855,26.971415,-1.474966,-3.1242218,-20.34854,-12.167188,-51.210243,38.951527,-7.356386,-17.997004,-8.551029,-26.518564,-31.302944,-12.862233,6.575241,-8.192199,0.33115292,-39.843925,130
259,-2.6684847,-25.670225,65.421,-51.719955,5.884447,-2.1421976,-13.897516,48.77929,14.939327,9.242945,43.167522,-10.591166,-32.610695,-61.244827,21.929148,-28.74868,0.99456406,-17.536789,-22.492085,-91.47133,-11.751392,32.556858,-10.496996,36.4737,-78.82189,130
260,-6.359547,-4.792078,47.08378,-32.94902,-3.8058872,-29.482132,-13.930399,26.898342,37.357204,4.884089,-3.7316513,-19.595972,-14.650904,-44.581997,38.723686,-7.4557443,-22.353313,-15.278233,-34.77563,-33.646576,-15.256939,14.42972,-9.472627,6.566646,-40.445595,130
261,-5.555505,-6.100958,35.172123,-29.829426,3.7225761,-20.676346,-13.600084,22.560966,22.875706,3.6838367,-0.21006823,-14.874729,-15.307438,-36.684563,39.28865,-0.8840828,-15.489271,-9.424875,-30.86663,-29.67995,-12.747648,1.8508935,-3.3969011,8.479295,-37.238403,130
262,-4.756565,-4.1944437,37.72419,-27.679523,1.8319683,-20.138245,-11.327462,21.334236,18.890663,1.5852844,6.909369,-8.013683,-16.118694,-35.484314,38.371246,-4.6009197,-14.443166,-4.322674,-24.406166,-28.904617,-15.846868,3.9970913,-2.094989,11.179697,-38.612625,130
263,-4.676715,-12.017659,31.371151,-26.638083,5.3725796,-26.156324,-16.025322,23.645035,25.188557,5.2443495,2.8521414,-10.299583,-13.416099,-36.495186,37.995842,3.1188989,-12.262158,-8.054998,-35.29313,-27.88923,-5.6264353,-0.6566758,-1.8585591,10.345322,-49.363102,130
264,-5.845101,4.1794186,45.995476,-31.163902,-2.4229183,-27.910805,-12.276408,26.60064,25.277313,-1.1604061,8.6448765,-7.0959034,-11.013065,-48.763912,32.509155,-10.271881,-14.750128,-8.773409,-21.006737,-34.142242,-19.605946,7.7402296,-12.908098,1.5455742,-49.37477,130
265,-5.172445,1.2428207,48.3519,-29.840855,10.412769,-25.225946,-10.770231,21.750443,20.145767,3.1658778,6.819603,-13.314405,-14.673882,-44.793564,40.460915,-10.278425,-13.028305,-5.5939407,-29.921398,-32.336163,-13.828074,7.3567195,-11.032162,8.485783,-44.206604,130
266,-6.0003357,-3.6798916,43.312943,-29.876667,9.308794,-28.504354,-12.771345,26.957302,20.687492,2.2922742,6.3038793,-9.868696,-15.8837595,-40.710953,34.33138,-10.532016,-19.094433,-14.641878,-29.406225,-28.125515,-16.664665,3.8835711,-13.518551,0.6226368,-45.23179,130
267,-12.03663,10.103147,30.918951,-26.549858,10.927651,-29.827656,-4.6799936,19.758774,24.353539,3.5934157,9.876677,-20.44511,-18.488815,-50.872658,19.344456,-34.54048,-18.51932,-9.526474,-20.935688,-31.391558,-51.01181,20.46363,-11.526957,-28.380486,-27.930265,130
268,-4.1077876,-10.896744,40.744324,-34.074184,9.061362,-24.692944,-9.953992,27.56322,30.246525,5.5629916,5.51559,-12.039286,-16.277107,-43.15896,37.14294,-16.12727,-15.564226,-20.889627,-29.361713,-36.51271,-18.77271,6.66734,-12.078905,6.935197,-46.992706,130
269,-4.75613,-7.2756004,47.802856,-35.71124,9.955855,-25.245815,-5.5635843,24.463453,21.436934,2.9058938,11.892948,-8.594576,-23.478897,-46.626892,33.650024,-22.811016,-7.206869,-12.280367,-24.190422,-32.49048,-16.918732,11.24054,-13.348236,10.904415,-48.71486,130
270,-6.362131,-31.612177,64.06438,-52.280815,3.5811863,-16.893122,-13.072292,51.090767,14.089733,11.717866,50.39811,-10.8085785,-32.68908,-61.478436,20.4819,-30.978107,0.34076118,-19.132675,-24.07995,-88.207344,-11.304913,29.100204,-11.518377,34.246204,-79.05032,130
271,3.093719,-14.955937,57.524086,-28.770737,-5.2727127,5.7385635,-10.474024,15.71138,10.528867,-8.522188,27.372784,-11.606162,-33.282505,-44.21241,24.643929,-30.82785,-4.9318285,-9.997116,-25.497051,-83.095825,-15.433745,27.212809,-5.9918,26.671112,-61.99211,130
272,-7.730224,-11.6153965,49.20228,-41.491405,10.86487,-33.805836,-12.16267,29.549135,18.615135,2.8122358,16.755053,-12.61969,-24.867105,-49.406628,37.89656,-19.956926,-16.175758,-16.530548,-17.694221,-35.08823,-20.341267,13.339502,-17.205503,10.000756,-52.248795,130
273,-13.873598,-11.121151,44.62458,-46.80888,8.333042,-32.219776,-13.146523,34.763332,21.286053,-2.0149393,12.92783,-14.584736,-23.766905,-49.59345,28.847906,-23.009684,-13.19339,-18.175282,-27.735233,-33.826206,-13.891603,15.454348,-12.312874,18.845905,-49.261765,130
274,-12.237164,-12.687342,50.233147,-44.62411,9.722342,-34.570663,-15.426058,33.334644,18.149319,0.6825876,17.72306,-10.358463,-21.364658,-52.374546,35.50236,-23.390049,-8.526546,-9.744972,-27.618246,-38.70183,-17.00716,10.981422,-18.159685,22.937923,-60.315014,130
275,-17.871124,-14.033377,43.37517,-40.617928,4.3810034,-26.226295,-11.487967,37.02501,24.431156,-2.4408174,12.124094,-20.601288,-21.757832,-47.000336,35.95809,-22.491577,-17.916569,-16.825768,-31.58012,-38.1166,-19.478477,8.6487465,-9.312946,10.532278,-49.667294,130
276,-11.355224,-16.260796,42.936848,-43.733284,7.91016,-23.579731,-12.814844,35.662537,23.872715,-2.618132,17.753365,-15.443201,-22.400108,-48.018127,32.95366,-20.35269,-12.124159,-14.859962,-21.307974,-37.898754,-17.671883,14.2399,-10.457707,10.77909,-58.01926,130
277,-13.301647,-19.387516,41.789543,-43.547947,5.4881353,-18.911186,-6.3847394,38.32457,23.63675,-6.6360874,21.346058,-14.46508,-22.031918,-47.70829,30.646029,-20.822523,-9.644377,-5.568157,-28.390207,-45.789707,-11.603645,15.313541,-1.4073019,12.161465,-62.340187,130
278,-6.5811186,-13.074569,44.77308,-36.859932,-1.7669106,-15.01022,-5.8545275,28.967632,25.255253,-6.6637545,19.749132,-10.588278,-18.308653,-43.59179,33.42313,-23.176573,-8.437367,-3.6169548,-24.973398,-52.563133,-15.932789,16.454094,-1.8579085,9.708831,-62.958134,130
279,-10.371414,-13.650386,43.43314,-39.75239,1.1190224,-12.530381,-10.619549,27.234983,27.501907,-7.331473,20.988245,-21.044735,-20.58017,-39.974083,37.623997,-18.440067,-12.586052,-9.792561,-23.46825,-52.498497,-25.789103,18.79734,0.43534064,15.216024,-60.732536,130
280,-5.402649,-15.862791,53.363903,-35.435463,2.0735703,-11.714264,-11.488588,23.923714,17.047611,-6.215472,29.853905,-14.470076,-23.230154,-44.48345,38.085884,-26.772991,-7.907854,-12.228443,-24.861115,-58.79361,-20.470297,14.130285,-4.7277756,20.464937,-56.157745,130
281,-1.7307363,2.8940058,35.843678,-30.009245,2.007247,-11.744878,-8.410132,18.95433,45.676285,0.59895134,10.346881,-22.625937,-11.588402,-54.26587,30.184467,-19.558407,-3.8539333,-13.905758,-17.005955,-38.23604,-41.36663,23.040894,-5.6688566,-5.4011173,-55.265224,130
282,-6.5917664,-29.979187,55.1756,-50.638885,7.5955505,-16.711168,-20.172697,49.21768,13.13395,10.756263,45.79052,-11.457687,-30.394257,-54.645836,16.791643,-26.002987,-1.3001308,-22.331055,-22.686989,-81.134766,-10.88719,24.738537,-12.270796,30.662624,-67.69525,130
283,1.1857717,-9.134998,54.00782,-37.88333,-3.913416,-6.2242146,-8.839653,17.718641,18.93116,-6.400139,24.803532,-10.188007,-21.38231,-48.46383,35.100613,-20.850298,-3.9287014,-4.1704597,-25.336971,-54.978943,-25.45739,18.855625,-3.2340107,16.947031,-59.6171,130
284,-0.70587254,-10.843681,48.779213,-38.8195,-0.08249664,-3.613885,-11.715399,21.03846,15.708775,-9.784918,26.145199,-7.9802837,-22.349352,-43.27846,34.837208,-22.41409,-4.123146,-7.647892,-23.72486,-60.34807,-25.358898,17.506676,-5.0417905,18.72325,-58.445747,130
285,1.211689,-11.657509,51.512245,-37.71909,2.7809944,-0.78123975,-11.632024,15.874583,9.176586,-12.860691,29.914131,-9.632736,-33.222843,-43.143303,31.484718,-22.028502,-5.017543,-3.1301346,-22.503155,-65.12608,-22.418934,22.86002,-3.741617,15.774025,-57.22886,130
286,-3.3963823,-11.042509,45.79152,-37.74917,-1.2515736,-5.809767,-7.765433,23.937065,24.217743,-9.506316,22.667717,-10.954292,-21.855722,-44.14974,32.52216,-21.33278,-7.7115154,-8.246981,-22.029198,-60.79034,-18.068716,22.22882,-0.022658825,9.484064,-58.502045,130
287,2.6999884,-12.876812,46.377796,-36.98863,-1.9371338,2.206101,-8.836803,19.869606,14.771889,-13.606886,34.378956,-10.133318,-28.559853,-38.27121,33.472786,-15.819989,-11.396597,-7.4851,-22.236155,-72.40919,-26.560953,16.664001,0.93386364,14.021267,-56.28227,130
288,-0.26211548,-10.951477,51.896965,-34.52707,-4.044533,6.062708,-8.842406,22.67855,15.63017,-9.88758,28.509275,-9.900303,-27.96181,-39.81969,24.595417,-24.413645,-4.820114,-4.6935463,-16.039665,-78.42114,-21.132416,24.98061,-1.1778865,19.845276,-59.246513,130
289,1.8962331,-28.17369,55.043575,-51.347,8.308786,-12.452391,-24.242668,49.38286,11.737328,6.827,43.770206,-13.069321,-35.177067,-57.152153,18.948069,-32.91833,1.9422932,-20.630188,-24.668941,-77.94815,-11.183456,28.19566,-19.491276,30.700436,-78.760666,130
290,5.300131,-32.478073,54.33789,-43.40286,8.767006,-6.337677,-31.798615,46.369125,9.647284,8.937563,42.880623,-13.9283085,-41.194527,-58.702442,16.643951,-34.209103,-1.8454342,-23.555305,-21.196617,-82.49039,-5.279274,29.337725,-25.125025,31.463762,-75.934875,130
291,-13.620895,-10.105167,46.81545,-31.4321,14.386826,-7.1751595,-4.1136193,37.40291,48.51884,12.608799,25.035454,-40.509342,-35.231792,-59.634644,18.342731,-14.711489,2.392705,-6.632821,-41.830635,-53.32675,-40.93918,32.2359,7.4218664,20.608398,-23.943903,130
292,10.452628,-20.415909,49.270653,-38.13614,8.477529,-5.099761,-43.42962,40.962822,6.3835106,6.013088,36.546856,-9.4952755,-44.626442,-58.59318,21.622782,-20.803696,-4.399109,-24.00045,-20.019737,-77.6247,-11.714088,23.92397,-29.892818,22.901005,-55.40831,130
293,3.8500376,-16.317574,50.221516,-32.043808,4.4752216,-4.785116,-36.355877,38.33101,12.993884,11.14765,37.842922,-6.8907623,-44.253525,-57.53334,24.130308,-20.353662,-6.8471737,-22.160881,-16.041851,-73.959854,-13.23887,25.484621,-16.423431,30.244408,-49.015675,130
294,1.657093,-7.0396576,49.870186,-30.510406,-1.8716183,-10.078093,-45.01599,32.173836,7.1955996,10.080485,31.153599,-9.461245,-37.460094,-58.06517,24.158758,-13.7997875,-3.0989609,-24.449575,-13.886072,-80.99253,-19.717606,24.736933,-30.875767,26.234352,-56.677704,130
295,-3.7886062,-14.6592045,48.80863,-30.67266,2.3334255,-13.730917,-39.842716,37.718624,14.41257,16.059633,29.095085,-13.972765,-37.502026,-56.827995,18.786901,-23.489735,-9.144386,-27.744072,-20.473923,-84.07555,-14.052048,19.854015,-22.96911,26.916836,-51.2656,130
296,-5.365819,-12.913064,50.491,-38.64472,2.5877228,-23.039688,-41.697277,37.88952,10.752599,15.139294,34.948322,-14.055307,-32.084602,-63.328552,17.892595,-23.88195,-9.197174,-30.12904,-25.063608,-87.5645,-17.800385,16.955791,-30.725204,32.800842,-56.081333,130
297,-8.817466,-9.90929,51.393574,-34.596672,7.0450993,-22.771149,-41.985252,44.16669,16.789696,19.09209,29.846632,-7.696871,-26.71915,-64.40253,17.457733,-29.787899,-8.148216,-34.215332,-26.846611,-85.43949,-8.44771,21.6022,-25.09244,29.284908,-48.39843,130
298,-1.4056833,-9.223785,46.238506,-31.24803,-3.9857464,7.2630053,-12.8147,23.898275,17.029064,-4.492175,16.637041,-12.603249,-23.511974,-41.363197,20.386162,-24.812197,-1.6590157,-15.717367,-16.09033,-72.12972,-11.171475,31.465797,-8.525806,17.182768,-59.60755,130
299,-5.2756824,-7.749652,56.481323,-24.540646,2.6549835,-22.42289,-46.36045,40.071396,17.102962,22.289028,31.683048,-16.978632,-34.018005,-66.72301,19.859035,-29.812912,-11.012114,-26.465939,-28.912575,-87.88314,-14.965878,29.388748,-20.7646,40.35855,-48.655014,130
300,-2.1042109,-11.578697,58.745407,-30.938803,5.279518,-12.974398,-39.45005,34.289974,14.403343,14.649126,35.904503,-19.035711,-38.748306,-60.637573,19.923294,-23.785442,-7.234047,-19.090256,-22.38707,-91.07046,-17.508324,27.713371,-24.113842,36.548832,-53.648346,130
301,-8.835736,-16.73927,72.38545,-20.416868,3.8373165,-10.707105,-27.650913,30.951477,19.629635,20.344784,36.215515,-9.507288,-38.34633,-64.76091,18.524418,-32.806618,-9.306089,-20.435759,-28.127714,-91.45325,-9.977651,32.073917,-15.32735,46.08455,-47.257103,130
302,-4.812374,-12.493206,70.90478,-17.54482,0.6365757,-9.211098,-35.449745,27.785622,17.415823,23.039486,35.34362,-14.643869,-29.938452,-66.92419,16.620602,-31.29721,-10.525026,-23.350609,-20.469532,-99.85416,-12.577315,32.460323,-18.37644,49.18102,-40.10618,130
303,-8.069129,-15.783095,69.80261,-18.851748,2.1593208,-7.4582176,-32.212982,22.651436,13.624283,22.185772,34.917503,-21.444246,-32.265617,-64.20686,7.517619,-28.516558,-7.209034,-28.265385,-21.717209,-93.659615,-17.332685,29.80656,-21.059711,51.16188,-41.629433,130
304,-16.577732,-5.114826,50.03884,-23.593307,3.86419,-10.891329,-7.4400635,50.447845,53.941525,23.609549,15.223846,-27.583387,-10.979985,-68.52377,3.1957092,-14.297876,-10.443184,-11.958285,-32.347137,-59.74302,-28.040302,25.427563,3.672864,-4.014784,-33.290577,130
305,2.93287,-23.027496,65.34229,-17.639275,9.151103,6.304343,-36.581963,15.969379,6.5107603,12.289156,38.740784,-14.093231,-41.141136,-60.961357,1.7600088,-29.073359,-3.7644987,-11.7325,-15.277693,-98.722565,-22.933428,33.050404,-21.72873,49.656895,-42.455673,130
306,7.1627398,-27.377113,71.5007,-24.15213,11.606577,7.800488,-33.03518,11.756142,12.147088,11.240075,39.86522,-7.366085,-46.456146,-59.31506,7.9132805,-31.752438,-5.1758556,-2.8811512,-19.932047,-99.409256,-17.560328,43.61688,-17.882996,41.136547,-43.764145,130
307,10.856198,-29.61506,68.89314,-28.638008,13.743426,8.216925,-22.499252,16.970226,7.526513,7.7770076,46.40594,-9.888702,-54.89308,-57.812195,4.8547163,-44.627037,-1.0072813,0.71899986,-18.793915,-97.06943,-21.065308,37.674953,-18.736897,46.959724,-40.878716,130
308,12.277152,-32.978184,73.45409,-27.975115,18.966887,10.599075,-22.289295,16.688595,4.580737,10.187735,50.140217,-7.74341,-53.87578,-62.75008,8.31456,-44.178646,0.9550314,3.7372055,-22.413464,-91.508446,-17.028194,39.29384,-19.10451,50.075974,-51.249756,130
309,-5.0358343,-8.767848,53.154636,-29.385666,-1.4530602,5.125234,-17.261253,25.500477,13.217409,-7.1114373,21.222958,-11.725262,-29.86307,-44.983334,26.631,-24.664383,-7.6285667,-12.313126,-18.78728,-79.84945,-7.9985733,29.6796,-7.3090134,17.81374,-66.52151,130
310,12.571711,-33.13546,68.49685,-30.116608,17.157467,13.345133,-23.382973,11.049047,3.3895473,4.487529,43.33915,-7.7882633,-52.479458,-60.10631,3.8880768,-47.53914,2.0127544,-0.6801872,-29.22963,-97.45969,-20.0148,30.321182,-25.602043,54.398823,-52.029064,130
311,14.835194,-35.411602,69.77954,-35.800884,14.688445,11.662901,-20.80832,22.742233,2.703248,9.917784,41.034637,-9.801977,-56.93782,-64.75546,1.382308,-55.919453,6.111698,-2.7554493,-36.759754,-93.68518,-17.109882,29.143051,-28.742174,55.394608,-50.938004,130
312,14.0617895,-39.55345,65.16644,-34.997402,25.737873,8.919594,-13.203797,21.21341,-1.0647688,4.579546,40.480667,-13.787399,-58.715847,-62.81483,-0.062234163,-44.902763,6.262785,-2.5494156,-34.7574,-90.05249,-16.78479,21.280691,-32.823166,57.926918,-50.093777,130
313,17.335297,-42.452255,58.725853,-38.59234,21.425465,9.324805,-16.176777,21.900652,-2.9529543,1.199789,41.61268,-8.954336,-62.260468,-59.84547,3.2769904,-45.784344,3.7719536,-7.206562,-31.046051,-89.95053,-17.746033,23.165277,-35.593346,58.241302,-57.613636,130
314,6.9548073,-38.755123,70.79517,-31.400272,19.118134,3.1866517,-20.553574,20.479752,-0.5668783,12.233494,43.3434,-10.698317,-57.302185,-64.41431,4.250002,-52.76168,1.9101467,-6.6538506,-38.2139,-96.26477,-15.67592,24.807144,-28.976242,60.49607,-57.397243,130
315,15.282611,-42.449802,69.520035,-38.255867,25.3174,8.800487,-12.934475,24.847437,-9.237125,7.263628,44.075783,-6.9700336,-68.694046,-63.760685,8.934091,-54.76291,4.6688366,3.109312,-35.871517,-95.54706,-14.436067,33.503815,-37.88803,56.00423,-58.21189,130
316,17.473661,-40.251972,68.29726,-33.682022,33.623104,5.214641,-12.285962,21.177954,-5.1214685,4.6495,37.906464,-9.464264,-66.98616,-64.634224,11.39177,-47.486095,3.0160809,13.113146,-36.42471,-93.30193,-23.010687,25.887848,-29.02977,55.452003,-49.245483,130
317,11.929581,-28.36641,71.60309,-46.822693,14.538269,17.166145,-35.137943,22.78992,2.7657795,4.05155,47.536247,-23.59768,-59.876118,-66.12934,15.380167,-42.326088,2.3635845,-10.452826,-22.432459,-102.60269,-27.393875,38.2372,-28.858372,49.04866,-69.99978,130
318,13.163609,-35.83068,59.98109,-37.97249,18.932644,13.172306,-33.467697,25.408554,-3.9769125,-1.0080509,42.726036,-10.495123,-59.38755,-63.5802,7.671111,-45.880398,-0.15291595,-18.964176,-29.628084,-93.080154,-19.541836,21.944191,-50.8851,48.886177,-59.808372,130
319,14.455297,-37.16045,58.3313,-34.73848,17.673409,10.220869,-29.605808,24.031067,-8.554781,2.38945,36.634567,-11.691563,-60.732758,-64.18074,9.510129,-42.07411,0.62080765,-14.783375,-25.077148,-93.97696,-20.941265,22.217213,-45.620083,49.43683,-54.55558,130
320,-6.106013,-9.103379,49.046043,-30.503597,3.5395956,10.94287,-7.3704877,26.698366,19.32735,-7.121487,20.43473,-8.459532,-34.48391,-41.151245,27.002388,-20.635456,-2.183405,-10.499912,-20.645842,-82.10014,-14.873128,32.698963,-2.9976788,10.836206,-67.13703,130
321,15.901336,-41.223274,56.028885,-26.742462,19.57801,2.9452405,-24.460104,21.015816,-8.771592,1.0818729,32.698463,-10.981045,-65.14397,-63.17514,3.2495418,-36.057365,-1.718502,-5.4308205,-29.977444,-91.709656,-25.64272,22.799805,-32.430393,53.92201,-48.437653,130
322,14.49556,-36.427784,52.46563,-21.855183,17.668013,1.297689,-28.96495,21.526846,-9.349812,-2.5533414,34.768883,-13.821016,-57.752678,-57.158615,0.21377707,-43.378918,2.9067593,-11.069603,-34.294327,-89.20245,-25.39018,18.14732,-35.70576,52.626904,-44.85006,130
323,13.265503,-34.769466,50.181656,-25.580433,19.759417,0.32811403,-11.423498,19.484833,0.19649696,-1.7756538,28.737251,-10.543606,-56.24694,-60.10462,4.462448,-35.741966,-0.7052536,-1.7567482,-39.16848,-89.36301,-26.596075,21.7289,-24.148224,43.814804,-31.964802,130
324,15.130052,-42.938046,64.04724,-30.744394,21.069971,4.501887,-17.413464,28.787924,-10.600046,6.4792223,35.547173,-23.948332,-61.73829,-67.60733,-2.0303125,-36.484974,0.08801651,-6.289345,-43.145126,-94.36246,-31.836708,22.409243,-30.88412,56.634575,-45.032856,130
325,20.965385,-34.446472,54.96616,-34.565166,13.579969,6.6384344,-13.309522,23.855284,-7.5877914,-1.9644995,30.397789,-20.515724,-56.3392,-65.72442,2.2279716,-38.622505,2.0903301,-19.532974,-36.12859,-89.688324,-30.066914,19.015633,-32.62661,51.388348,-37.28801,130
326,23.617462,-38.77083,53.6759,-40.937424,15.887148,7.9116616,-17.805752,27.52063,-6.0204906,-0.12598419,33.86865,-25.309525,-56.54226,-61.665833,-9.692063,-32.87436,2.7160072,-18.186964,-44.042522,-88.07452,-29.990002,15.6366625,-38.002617,51.21042,-49.16677,130
327,22.750788,-35.228027,57.127117,-40.571438,13.824411,8.155275,-17.7967,28.743309,-2.4515953,2.4682055,30.120508,-27.84318,-58.24547,-60.06125,4.5167084,-29.44063,3.3628826,-15.133265,-41.782467,-90.68202,-34.2146,19.83721,-37.932236,47.292114,-51.421154,130
328,24.022152,-37.50835,52.92164,-39.753773,25.748398,13.381486,-28.900064,22.11628,-9.313353,-9.467709,38.185257,-21.00827,-63.077305,-51.3441,2.8663049,-32.54484,2.3835907,-18.156612,-40.359177,-79.30412,-31.320076,13.040911,-41.81707,44.97796,-51.17624,130
329,17.50969,-37.336395,52.362617,-46.29329,21.67575,11.81669,-26.826246,31.786953,-11.635577,-1.8565717,33.869102,-28.472235,-60.72419,-57.92141,-3.061079,-34.69524,-0.17514801,-18.961178,-46.60846,-74.72877,-32.63953,15.882463,-39.571335,40.72343,-59.70787,130
330,15.383792,-42.117638,48.20363,-49.233616,20.722996,4.737233,-24.854248,39.65233,1.6728153,-4.0211096,41.123634,-21.4041,-69.233444,-57.136444,1.3864403,-37.50753,3.9705057,-13.0145645,-44.773422,-74.84152,-26.887133,27.640705,-27.045635,39.760433,-55.69783,130
331,-7.2383785,-13.747536,51.01211,-31.185171,2.010723,7.3335247,-9.816264,27.719906,18.78558,-0.60048056,23.830212,-11.978151,-37.40683,-43.01838,18.873829,-31.567219,-6.9283543,-8.555002,-22.511059,-89.71849,-13.390766,37.4626,-10.902774,22.693394,-66.165825,130
332,23.226353,-40.854267,54.87639,-50.143055,14.238181,15.712426,-27.070107,33.100918,1.4325047,-8.358902,43.15534,-21.81262,-67.347595,-55.094017,10.477133,-36.23743,3.653308,-4.112591,-33.36183,-81.17049,-31.198315,27.418205,-41.075523,44.13481,-60.899956,130
333,19.685753,-39.697098,52.539093,-47.372414,12.111592,3.0973268,-18.9781,36.44481,-7.2407365,1.8879752,37.84662,-17.985096,-60.906902,-50.615356,1.0409169,-40.327827,6.7563267,-13.431332,-41.26065,-77.827866,-20.079323,23.772587,-36.532143,39.001842,-57.829853,130
334,14.22044,-26.968674,56.241188,-46.29603,15.593593,8.530445,-21.37474,31.815428,-3.204492,-5.265277,39.454823,-24.809929,-58.434437,-42.13753,8.61773,-34.21891,4.2001305,-6.721924,-40.09104,-76.40697,-26.320686,19.252632,-35.430836,41.120636,-54.986916,130
335,12.828117,-32.75898,57.876923,-34.82643,17.79417,7.0243607,-24.510689,21.784462,-4.7300653,-3.3526745,40.952473,-18.750542,-51.474007,-45.856514,6.8632774,-27.669128,-0.57515335,-8.288115,-32.813572,-80.06989,-25.441273,18.99544,-40.10444,38.77362,-48.18953,130
336,10.728738,-29.243416,51.126785,-35.110283,16.664541,10.700987,-25.998833,22.56436,-3.263629,-5.867161,30.106396,-15.710451,-55.665985,-47.13939,13.084751,-24.386183,-3.9589233,-11.4433975,-33.044876,-81.63129,-27.719326,20.557274,-32.034725,27.374496,-38.842926,130
337,10.351774,-31.604866,44.458145,-25.683983,15.46325,9.044416,-29.151087,22.871807,-0.93411064,-9.579677,30.76738,-13.217108,-58.256897,-53.26229,13.82112,-24.75933,-6.116276,-11.072428,-31.472198,-87.30413,-30.592808,23.015617,-34.360733,31.952904,-37.572124,130
338,12.915665,-33.316864,45.11685,-34.404705,16.932941,4.919036,-29.972229,27.360355,-1.1964512,-6.0649524,34.454674,-14.781126,-51.87287,-53.772476,6.3234396,-27.719011,0.15006256,-12.831493,-28.072985,-85.435104,-25.463072,24.006931,-38.322777,30.514402,-41.873573,130
339,4.9741163,-29.314936,44.652184,-31.044743,18.577007,0.66504765,-28.686565,25.810427,-6.350402,-3.0507746,28.336784,-8.198513,-49.92997,-46.730995,7.385777,-30.04038,-2.637578,-10.223694,-25.544378,-87.11872,-16.87931,19.280376,-31.599804,28.09797,-41.25612,130
340,0.5997572,-21.801706,45.764423,-18.069557,21.593029,-8.680844,-28.269543,31.213505,1.7877121,-1.0608668,19.732964,-11.774081,-53.886963,-57.25065,4.3240275,-30.053741,-12.245645,1.0633984,-26.708038,-86.506065,-16.170961,29.110977,-2.9242682,33.05697,-22.941523,130
341,-1.3940449,-27.25214,44.738045,-17.577785,17.149164,-15.283938,-28.508175,26.776802,3.9394598,3.7989874,21.101215,-13.890069,-48.59533,-56.60392,5.022868,-30.721981,-21.72468,-2.1131077,-29.961222,-81.43669,-14.58195,30.89966,-6.574999,36.176006,-21.23574,130
342,-4.0463095,-10.038008,51.87065,-36.332825,5.939541,17.41761,-3.440403,27.81369,22.939152,-10.303987,19.804403,-15.617949,-43.340973,-44.666225,20.788113,-33.719395,-3.4069118,-5.453659,-18.49747,-92.883316,-26.21725,44.257362,-4.0734444,13.849491,-73.496284,130
343,1.6168084,-27.94576,37.434566,-20.671743,16.341131,-18.07957,-26.480488,29.728378,-2.2000246,-2.5509534,20.610062,-6.5213337,-54.822906,-54.580284,7.4757533,-23.074337,-18.030817,-0.68403053,-22.119808,-81.02379,-15.383873,26.748493,-8.162578,27.20641,-21.774017,130
344,-2.0686522,-23.445784,53.02023,-29.906513,34.27523,-8.0042515,-30.507608,14.94146,10.36697,-0.23048973,36.787582,-5.2073975,-57.599857,-62.482986,20.687511,-31.106174,-9.22187,12.076735,-38.269836,-62.834305,-21.78064,42.61153,2.735465,14.832375,-49.78611,130
345,-1.5795355,-24.545588,32.401024,-23.383627,22.81965,-15.095259,-37.233196,20.207767,-2.5324087,2.6342049,24.163475,-6.547656,-50.372803,-47.237785,3.1142483,-31.883648,-16.742947,3.4900217,-31.333408,-71.97911,-13.276684,21.340076,-0.9206488,29.285454,-28.17283,130
346,0.22685242,-27.024574,41.247868,-21.204395,20.541813,-16.70088,-28.636208,19.73482,2.8900728,5.352892,24.586548,-8.074483,-51.512436,-51.110203,6.0403833,-31.363876,-11.550079,7.804162,-29.440046,-77.57262,-18.112186,28.36229,-5.934482,32.263508,-24.353687,130
347,-6.700859,-25.02419,39.047302,-21.304947,18.203522,-14.433958,-32.77312,19.961168,0.21913338,12.532335,23.965538,-11.236941,-41.453857,-50.451233,10.667263,-18.041435,-10.968994,-5.440935,-19.582993,-74.280426,-22.960058,19.595598,-8.141927,30.472572,-22.19302,130
348,-4.2659817,-17.922192,49.032505,-26.283178,24.140755,-13.239735,-34.51274,18.89615,1.1037693,9.769108,26.62404,-10.698204,-41.444946,-59.22853,9.433093,-23.90868,-4.5738535,-2.9496841,-27.556078,-85.26955,-16.423008,25.693165,-10.243874,40.103058,-20.100739,130
349,0.5407047,-22.18159,47.6824,-25.210556,20.680882,-11.917612,-39.186893,23.082848,0.836195,5.9607177,32.98735,-15.892069,-29.323305,-51.882538,8.833958,-23.020916,-13.552963,-4.9044437,-23.181225,-80.67053,-12.284279,24.560719,-7.943546,31.46027,-31.493906,130
350,-11.821876,-19.064468,46.32498,-20.85276,20.389978,-14.673895,-40.17162,14.83141,3.2990894,10.498069,31.777239,-22.719002,-24.394302,-53.648094,12.131836,-17.071943,-18.98993,-13.705668,-22.951912,-71.31128,-13.850624,20.940022,-2.861948,27.228214,-27.339138,130
351,-8.904942,-24.23259,43.01004,-14.851518,16.729961,-14.245226,-41.4416,12.555263,4.9099083,7.4734836,26.964378,-27.584007,-18.923832,-48.245407,12.667751,-10.059828,-28.204487,-19.21658,-21.88665,-68.00145,-21.886978,19.43507,-2.098548,17.478458,-26.300701,130
352,-3.2304046,-22.043812,56.752403,-11.329883,25.609444,-24.033007,-46.943848,17.92408,4.8449097,17.745651,28.59363,-25.25376,-30.274055,-62.19637,5.295956,-24.296036,-21.351318,-18.681643,-29.263515,-79.98052,-19.99039,19.59119,-20.825703,30.521807,-27.11533,130
353,-6.0745444,-12.237848,52.21765,-34.99577,3.211938,6.3630257,-9.242542,29.266611,23.157614,-7.841282,22.555067,-11.934672,-30.922916,-46.633812,25.607822,-22.186455,-5.2519684,-8.341394,-14.493389,-81.76926,-20.522953,34.733093,-3.6899166,14.301564,-70.79695,130
354,-14.041443,-13.773231,48.405197,-19.626219,7.691924,-32.156166,-66.02987,19.809252,25.066349,4.946992,19.860735,-38.81524,-14.170163,-55.283173,15.10147,-15.500441,-35.1921,-41.586487,-30.458889,-57.43212,-35.724766,16.010624,-15.605598,23.041832,-39.50769,130
355,-13.390198,-7.318113,47.361946,-27.83294,3.290557,-22.956356,-55.135456,10.8626995,27.733192,-0.7895498,22.203686,-33.190945,-20.657997,-41.41912,11.637708,-14.308496,-32.239067,-31.126934,-27.455505,-57.709507,-37.712406,24.018225,-19.208313,36.353783,-32.805992,130
356,-3.8560805,-9.329302,46.600224,-15.025871,7.81137,-11.559015,-47.411987,25.714012,24.956448,-2.393487,16.311575,-34.490532,-20.2053,-33.407036,10.270781,-16.42946,-39.770046,-34.79165,-39.462772,-58.866592,-34.92748,18.540102,-13.346576,26.419233,-22.094793,130
357,-16.193869,-1.0916691,46.17284,-27.397636,3.5090475,-33.160297,-54.611603,8.245352,24.927593,8.468048,30.352345,-29.941542,-11.160641,-45.300713,21.51255,-20.850761,-27.309494,-28.565128,-24.367153,-47.22687,-40.797443,21.263233,-21.721985,27.498503,-37.838177,130
358,-2.53796,-11.164954,46.872498,-22.680517,3.8680525,-11.56893,-46.31329,28.691177,26.914248,2.5789995,16.804522,-36.74058,-20.915422,-36.805447,7.6353064,-12.723886,-30.545696,-34.81386,-32.576756,-68.2534,-34.178463,11.448631,-13.458432,23.290606,-22.820381,130
359,-12.410845,-20.968534,49.205822,-17.10375,18.87305,-13.613726,-38.446747,16.24953,22.558432,1.2538557,21.620708,-31.363974,-28.008324,-34.59584,7.0804777,-24.11114,-27.888504,-19.668573,-33.70704,-66.0836,-26.555824,16.900297,-10.537861,16.010338,-25.068933,130
360,-1.3525138,-15.264149,50.95121,-18.58012,15.75571,-12.064328,-34.41213,16.881283,22.793285,-3.4223652,26.692404,-29.37871,-36.145813,-35.975204,6.241087,-20.902308,-26.930897,-23.930141,-34.377487,-67.30533,-27.984734,21.529667,-12.366198,19.303875,-25.968353,130
361,-2.6633627,-12.011883,59.102367,-18.494108,13.452222,-11.447496,-26.284216,16.266972,22.787523,-0.35587788,23.31078,-33.971783,-38.18145,-36.5886,3.6640651,-23.269169,-20.407446,-17.324337,-35.67179,-73.83279,-28.507557,16.149567,-12.308714,32.340557,-18.028927,130
362,-10.208755,-12.308903,63.687393,-15.072428,13.588678,-12.797126,-24.24203,15.925844,26.708082,7.370346,21.94157,-32.874958,-36.625862,-41.334015,6.279048,-22.599829,-16.608654,-10.843522,-30.194681,-70.129074,-30.132002,21.588472,-7.6799154,24.091827,-19.809734,130
363,-14.352317,-6.3625584,66.43019,-19.624943,8.946804,-18.623291,-30.578661,25.528769,33.952797,7.6406765,18.067911,-37.249317,-26.794315,-44.690376,11.208465,-18.762358,-27.09114,-25.463446,-29.01696,-69.14211,-32.91196,11.047134,-11.9618845,18.082628,-22.88241,130
364,-8.293966,-13.364638,34.691017,-31.59337,14.507742,-8.680857,2.7636874,27.857208,46.63601,-1.4773302,33.887604,-39.577858,-37.210545,-56.05308,28.939571,-17.55962,-6.613676,-8.417771,-16.096827,-40.9075,-43.593277,36.827393,0.8413074,-3.7161674,-44.66362,130
