,0,1,2,3,4,5,6,7,8,9,10,11,12,13,14,15,16,17,18,19,20,21,22,23,24,target
0,-233.05194,53.76956,46.192677,123.620384,-315.3604,-160.15126,-19.156197,120.973366,27.566383,-57.88064,1.521122,-6.6831055,-18.061707,-188.65317,-63.516422,-128.24814,-40.39981,-195.84447,-49.236206,-86.84072,-161.7512,-33.43165,-415.6679,139.85207,90.23471,130
1,-242.57323,48.217045,48.4152,117.638336,-318.63,-161.91177,-14.561249,121.58885,32.706444,-55.502167,13.234001,-12.647598,-13.053825,-183.08995,-75.447365,-141.0253,-42.418762,-195.88217,-45.820282,-88.57305,-162.92894,-31.81957,-426.11176,137.99983,78.37144,130
2,-228.0184,45.72583,55.194633,114.19972,-299.06006,-149.53035,-14.8302765,123.8464,34.24839,-49.560295,-5.8468933,-6.423214,-24.308304,-181.99585,-71.71102,-135.4915,-40.707123,-204.09651,-50.53128,-82.48228,-154.31384,-41.368443,-412.94568,137.3104,74.53546,130
3,-232.92928,44.92948,50.99327,112.16717,-315.33557,-164.6242,-20.883408,118.33,35.821754,-50.34638,6.5515366,-14.07695,-10.172577,-176.44456,-75.61426,-139.86276,-47.843307,-197.85645,-52.320435,-80.08438,-161.86859,-36.189316,-422.81824,136.44458,73.09162,130
4,-313.116,51.7778,78.398705,133.20041,-378.30695,-165.78195,17.3143,169.40979,133.39325,-85.5408,-24.723541,-16.758453,23.912827,-254.1507,-55.88241,-171.73628,-55.01718,-264.76547,-60.99884,-128.46442,-130.67273,-67.62526,-552.6639,217.7644,140.60768,130
5,-237.83057,40.437614,52.625328,111.74153,-314.68716,-161.9193,-16.104439,122.59784,38.084145,-51.27701,-7.7656517,-10.977322,-18.998314,-182.39427,-78.074234,-141.8685,-47.50638,-202.67043,-56.259354,-79.28557,-154.32603,-43.266594,-423.7718,136.02333,77.32083,130
6,-236.52824,40.1568,53.540184,110.083466,-313.7959,-163.13928,-19.20478,128.5298,36.925316,-55.77665,-14.740017,-8.269897,-16.222054,-186.26318,-69.66394,-143.54141,-44.516815,-203.9555,-59.464195,-72.42125,-150.11313,-51.96379,-426.16797,143.25385,76.50571,130
7,-235.7967,37.510162,53.230297,109.07872,-314.63336,-164.69019,-25.03212,128.47617,33.67536,-57.178658,-7.158432,-3.0261765,-13.014992,-179.14905,-67.15439,-146.29684,-41.538223,-201.82434,-61.094467,-73.70607,-148.03111,-51.675064,-424.27548,142.03833,73.2572,130
8,-237.70975,36.116055,55.113773,110.61476,-312.60236,-161.52325,-29.05252,127.368904,36.062225,-56.88572,-3.1063766,-4.371769,-7.935364,-172.69272,-71.48738,-148.0305,-48.871796,-199.81496,-59.432022,-69.31125,-147.7286,-52.63248,-424.34808,139.03175,70.940796,130
9,-240.24445,25.92099,56.704357,103.9263,-309.4114,-156.3668,-32.252586,123.324844,34.165665,-54.41073,-3.6609306,-3.082779,-10.471161,-174.24301,-62.073425,-142.74292,-50.576126,-196.08923,-62.192657,-56.74103,-141.92834,-57.593002,-415.99182,144.12717,75.34738,130
10,-241.68758,27.739223,58.574917,107.713104,-306.90027,-156.53696,-30.33992,124.05182,34.501907,-52.74503,-4.5399437,-2.685566,-12.47686,-176.66617,-68.037704,-143.80537,-57.43972,-198.23285,-62.968735,-55.106453,-140.87473,-60.975685,-414.2851,145.67209,76.061935,130
11,-243.49237,26.858017,58.0444,108.243454,-292.09506,-153.54951,-34.72091,115.15005,34.06981,-54.467735,-18.189447,-1.8807373,-16.611763,-182.4985,-65.22337,-145.94753,-58.641876,-200.44536,-63.997078,-41.899548,-135.58206,-64.07512,-408.28027,151.48515,80.75186,130
12,-246.96405,17.312035,57.927116,102.430885,-294.9227,-156.53366,-31.230293,114.532005,29.655289,-56.899727,-12.203539,-4.5769196,-18.473503,-184.38829,-66.13865,-142.6326,-61.740753,-197.41888,-56.881226,-39.31777,-142.94936,-67.50989,-406.6699,152.83218,82.82913,130
13,-250.56549,20.437347,56.225113,100.54427,-284.91656,-154.62581,-30.15316,113.72063,31.701042,-57.14789,-24.21687,-3.1321526,-20.424637,-195.09782,-65.78739,-148.74695,-60.39449,-195.9736,-55.354584,-41.327137,-137.65814,-69.498085,-407.59525,161.65912,85.61592,130
14,-255.26514,21.344433,59.259834,100.060135,-283.01825,-150.70447,-28.957687,113.79382,28.181137,-56.849415,-24.272621,4.117771,-24.01735,-198.3949,-61.36673,-149.37741,-64.95642,-193.72192,-53.152557,-36.29488,-135.34705,-73.79872,-408.87567,164.55078,91.08247,130
15,-316.23215,54.714794,72.49199,129.85184,-382.05765,-163.57578,15.534302,168.96251,127.90595,-82.62756,-26.097973,-9.18248,30.707321,-244.65427,-48.93699,-170.29434,-45.93766,-261.78754,-64.39363,-116.410065,-115.69394,-68.67877,-546.16296,226.7494,145.82858,130
16,-259.25732,24.073982,61.666973,102.56929,-284.41705,-153.34198,-33.64038,120.49299,30.642097,-54.42938,-33.740772,8.487484,-25.60215,-205.11755,-55.19274,-152.29916,-63.96354,-199.24591,-60.543884,-40.409492,-126.81847,-71.81812,-415.60046,165.55777,96.77846,130
17,-259.32355,25.66779,66.269585,109.268654,-285.5425,-153.602,-36.63967,122.836044,28.501923,-53.89296,-30.37143,10.543545,-24.484756,-202.54596,-56.131775,-150.1723,-65.17837,-196.12498,-60.664986,-39.763584,-128.25134,-72.1377,-409.8963,164.70767,97.236565,130
18,-256.7374,32.470894,66.43149,110.27036,-285.37613,-147.42392,-38.986053,127.30045,22.343307,-52.88237,-27.775146,15.169292,-25.32827,-197.20052,-46.26081,-145.89609,-65.31234,-197.58327,-59.16127,-37.240868,-120.030464,-76.74203,-397.99368,165.59665,102.199356,130
19,-257.34717,35.199318,65.94016,109.889496,-283.95355,-149.8303,-43.464478,130.26913,26.738697,-53.44937,-34.641983,12.630077,-26.498703,-198.6297,-43.278736,-148.6355,-65.76831,-199.37497,-62.251114,-35.455994,-115.84705,-78.046524,-401.83044,171.51375,102.70661,130
20,-257.79965,39.294437,69.100586,115.980995,-284.64673,-146.21938,-41.64586,134.70705,31.95993,-54.588787,-38.470337,14.503273,-28.012444,-203.90846,-41.751022,-149.11102,-66.28757,-200.31108,-64.857544,-39.132286,-112.29458,-77.54487,-411.24918,173.43738,100.28472,130
21,-254.03726,42.663155,68.97429,118.2496,-283.22992,-144.3592,-42.18444,129.86496,40.00318,-54.32305,-44.745056,15.453556,-26.36718,-200.94897,-40.7312,-152.47423,-62.082127,-201.67758,-65.189125,-40.265785,-105.215324,-69.40332,-418.82074,173.58107,98.31799,130
22,-249.96799,43.161304,66.013084,114.821945,-284.1886,-142.68958,-38.629753,125.79986,39.865307,-59.36149,-40.408302,12.109962,-21.911201,-198.99208,-39.500412,-148.876,-61.73433,-203.40494,-59.811234,-42.986637,-108.35325,-71.79961,-419.28058,167.69122,98.1945,130
23,-248.09187,44.625378,66.01527,116.20038,-284.67197,-142.35545,-30.687866,127.03688,41.9329,-62.56353,-36.56575,18.377537,-21.260582,-200.31438,-36.918785,-143.69891,-63.0708,-202.347,-57.404327,-46.961723,-111.77067,-70.47664,-422.4129,167.55756,88.92409,130
24,-239.34827,44.97638,65.65673,117.63135,-283.7474,-146.71391,-32.6248,126.0798,40.73408,-64.76613,-37.660645,19.093182,-16.573547,-196.63802,-31.978634,-144.38939,-62.389076,-206.05334,-59.776993,-44.294624,-109.01001,-68.95173,-418.0846,165.55185,86.88809,130
25,-242.01613,45.700188,63.87635,122.43332,-281.0078,-148.21667,-29.21077,127.78841,44.926582,-65.699486,-39.634087,17.822037,-11.844597,-198.2869,-30.187729,-145.05621,-58.768738,-208.33923,-56.115593,-41.000862,-107.28551,-70.56938,-422.86108,164.73831,86.28096,130
26,-304.19522,52.669018,76.99924,134.05582,-376.90698,-165.18419,12.419357,174.29663,120.13199,-79.533676,-23.002514,4.838928,23.97107,-233.0068,-44.997112,-163.96928,-52.2285,-262.79938,-64.68686,-119.423416,-115.81528,-65.2476,-539.5292,219.3209,143.0834,130
27,-243.37714,46.4205,62.341778,124.85356,-289.76428,-150.31955,-30.092682,133.69983,44.222664,-67.16299,-41.83023,22.50998,-11.549095,-201.58978,-25.897827,-144.12492,-59.45002,-217.07158,-57.987015,-48.286053,-113.96535,-69.87347,-425.2129,170.05939,88.00768,130
28,-236.11311,48.912453,61.931686,125.73685,-277.36264,-146.67606,-35.744263,125.204666,43.82895,-61.064533,-39.24858,24.226028,-11.829727,-198.01611,-23.34713,-136.71158,-50.915375,-214.61188,-56.93184,-35.980724,-109.24559,-68.27042,-415.275,162.77374,91.52026,130
29,-227.61795,56.497772,55.29697,126.771805,-272.68353,-146.82881,-41.25612,120.44607,40.76274,-62.351776,-33.647392,27.548859,-1.1790009,-184.7803,-15.652218,-130.92026,-48.869904,-210.86485,-56.43788,-26.97668,-106.5821,-66.94382,-404.23785,158.97986,88.58626,130
30,-239.30359,52.960304,55.758125,144.92685,-282.24515,-148.02516,-35.88613,131.47446,54.4898,-51.767994,-45.183376,32.986984,0.45270538,-196.79782,-23.334198,-146.58148,-43.91941,-214.84708,-62.842766,-49.687473,-109.42495,-54.41121,-425.20468,164.51053,93.28383,130
31,-234.82521,49.9876,55.835182,142.5694,-286.7947,-150.67842,-38.591217,135.27078,53.545357,-52.97506,-37.099648,34.81147,3.1021805,-194.60268,-19.777569,-145.1014,-42.483215,-216.99467,-65.00677,-52.145523,-107.41438,-55.141495,-420.09094,159.64832,89.57311,130
32,-236.92111,51.591064,56.689552,138.98293,-295.69595,-154.84073,-44.304787,131.0959,55.650192,-58.79669,-32.52358,34.781696,9.374496,-188.81696,-13.749962,-144.05145,-42.178886,-219.5751,-67.12175,-51.779716,-103.29465,-56.214737,-422.27594,164.13802,92.28651,130
33,-235.3341,52.999557,53.436707,134.83296,-293.17728,-156.07791,-45.98123,135.40134,53.365906,-56.979565,-29.852057,34.494778,12.718285,-181.08643,-13.214569,-139.2762,-34.42093,-217.2147,-66.51436,-54.886047,-99.12681,-52.726334,-415.59906,154.66591,94.0641,130
34,-242.7707,47.6269,54.849987,130.74927,-304.0717,-159.88103,-45.563522,143.26172,51.250534,-55.04835,-20.91429,32.59636,14.1536255,-183.08951,-16.145977,-139.47568,-31.849503,-214.90768,-69.31172,-65.94649,-104.61383,-49.744316,-416.8402,155.67227,100.62114,130
35,-245.67532,40.259323,58.104504,130.8526,-315.32153,-165.6632,-47.221245,149.24313,52.117485,-53.35441,-18.988386,36.761887,13.887016,-188.11516,-17.134796,-143.82822,-28.194504,-212.5681,-77.270905,-70.496475,-109.079025,-49.88596,-417.49548,162.81282,106.18788,130
36,-243.3457,43.441757,52.69474,123.45903,-316.33096,-165.08307,-49.88443,154.38866,48.90204,-53.94039,-13.458279,29.990173,21.802979,-189.10924,-14.8521805,-139.65022,-22.758675,-209.60583,-77.09021,-79.13862,-114.31144,-44.152393,-413.48615,157.43057,107.08954,130
37,-289.701,50.96747,75.48477,143.1016,-370.67468,-166.78825,10.504089,169.24843,117.04813,-69.6642,-28.833153,3.7738037,17.888847,-229.80244,-52.413155,-164.66872,-53.323883,-261.42587,-66.24379,-120.04004,-115.99559,-55.58297,-540.61475,215.3039,142.97873,130
38,-243.14084,36.107964,47.031036,114.62402,-325.4201,-167.78937,-53.436325,157.8696,46.566605,-60.084038,-12.197773,29.93863,23.88279,-193.29388,-12.077362,-139.18256,-19.933594,-205.4343,-79.51512,-77.24234,-118.56784,-45.563393,-415.0454,162.767,109.49809,130
39,-249.85669,30.840279,44.16652,108.25778,-332.99677,-172.11923,-48.31334,159.05663,54.595,-62.28369,-10.751385,21.209297,28.269058,-191.85207,-12.985737,-144.22073,-17.069397,-207.51332,-78.10075,-81.97249,-117.969696,-45.562256,-428.40002,163.72394,114.907646,130
40,-251.79848,32.424408,43.02893,106.86124,-334.85217,-167.63052,-44.484833,162.50879,54.682747,-66.02812,-4.327877,16.337578,32.967426,-192.94934,-14.121403,-140.16602,-21.561935,-202.93642,-69.469,-91.751625,-119.590385,-43.558773,-433.7711,164.76068,112.90701,130
41,-254.10565,31.219826,45.678986,107.13898,-336.2192,-171.94785,-46.08162,162.11476,55.134933,-63.686752,-7.461771,20.681908,30.975307,-196.42967,-15.324905,-141.67197,-24.335037,-203.45383,-80.49526,-86.87372,-122.9639,-46.029156,-430.33994,170.23602,118.49122,130
42,-237.68246,31.402634,56.50212,114.78786,-317.08575,-164.59027,-47.044426,168.1207,53.33732,-68.11739,-12.416901,16.41351,17.749557,-188.34166,-14.924568,-136.6389,-27.69638,-199.39232,-77.09248,-98.09143,-119.41412,-49.151962,-421.86404,150.20688,92.21803,130
43,-235.63074,30.020348,60.28556,116.157616,-326.09818,-172.86801,-45.467278,171.75752,51.362106,-67.82304,-7.848736,21.593102,16.912521,-183.56117,-16.20391,-131.7148,-30.681778,-197.89145,-81.922104,-90.814606,-122.6095,-54.840744,-417.96774,155.71933,97.34459,130
44,-241.8046,38.778214,66.23422,127.82811,-323.84616,-164.97768,-34.15811,168.40544,57.905724,-63.59817,-19.786554,20.655827,8.3927,-197.49554,-19.04073,-138.4805,-34.163574,-199.29346,-81.30682,-99.22664,-121.63216,-51.896965,-435.2024,152.34067,95.915535,130
45,-241.03387,43.734188,70.81666,139.78648,-330.12817,-163.88762,-31.692047,173.45552,58.22712,-56.800446,-25.198847,23.382473,4.9328003,-195.11288,-22.90953,-140.18681,-37.795517,-201.662,-87.34215,-101.54385,-118.34437,-50.889137,-438.5125,156.02791,100.995056,130
46,-241.52213,39.175472,66.24803,130.26213,-310.22937,-158.8436,-28.332916,163.56293,54.32657,-54.577385,-26.904266,21.590446,0.5850601,-204.16666,-29.07351,-138.9607,-41.990334,-197.45262,-82.22453,-95.06784,-120.299126,-55.03241,-430.0102,151.9038,99.47186,130
47,-238.9673,39.466846,69.05142,135.71481,-306.58484,-159.97163,-29.00924,160.40732,51.83824,-54.30659,-33.82885,21.57808,-6.174736,-204.92778,-30.352188,-135.52321,-45.129593,-200.99005,-84.67221,-90.79286,-121.37213,-58.946518,-429.02893,155.48262,98.13259,130
48,-279.02823,53.39173,81.28776,155.12479,-364.82977,-163.63794,2.3121262,175.13242,107.244,-71.93613,-25.062115,10.562477,14.908577,-215.59875,-52.945267,-165.36183,-58.071945,-263.07797,-71.072525,-116.46023,-110.29358,-65.23641,-530.6384,212.57462,134.10098,130
49,-283.7608,96.21043,60.865738,121.92273,-431.01196,-165.80495,-50.84857,201.61372,26.836136,-101.4374,56.931866,-49.57853,90.71334,-139.76028,-12.767487,-160.00677,-81.33835,-227.69687,-11.969437,-118.045746,-101.64666,-59.110355,-499.03052,207.16754,97.56907,130
50,-298.41098,83.22659,48.43332,208.89737,-375.508,-175.69202,-4.4512787,220.85844,108.77169,-46.559845,-10.514236,16.879616,53.640396,-210.61273,-107.23468,-219.85107,-30.923676,-281.37805,-61.174423,-226.9649,-127.58254,-17.513065,-627.63904,192.11255,129.60165,130
51,-302.85962,82.56806,49.841827,207.8093,-378.33887,-178.63478,-4.584961,222.56737,110.12675,-47.592236,-9.9743805,13.72213,63.142334,-207.5748,-101.53429,-217.24655,-35.28411,-279.35315,-61.37439,-226.20006,-126.379654,-18.29208,-637.3133,193.6307,130.09723,130
52,-299.13116,86.7857,54.04422,211.35098,-373.63513,-175.59195,-2.4276428,218.48166,108.74333,-47.5451,-11.621719,17.28273,58.625153,-205.89478,-103.25502,-215.34161,-42.932632,-282.48462,-62.891388,-228.3399,-123.35745,-15.481127,-637.63983,188.20016,125.78878,130
53,-293.6257,86.76239,53.456627,203.01411,-367.40512,-177.23032,5.574997,214.35641,104.920044,-42.972233,-14.167267,22.371742,52.635307,-201.55803,-103.05299,-213.91606,-43.12857,-278.8331,-59.08938,-224.17905,-117.403305,-15.370567,-621.414,182.17233,123.68658,130
54,-292.03378,93.34644,47.47052,210.30008,-364.97662,-177.00438,6.0029907,206.52963,97.93764,-36.938255,-18.890923,14.84861,47.63694,-200.58765,-111.048706,-216.6854,-40.888977,-282.9707,-54.051743,-229.63506,-120.1252,-3.4259624,-625.1206,178.2073,124.012726,130
55,-280.35254,80.76405,54.785797,193.36975,-368.78812,-179.61731,-4.1138916,191.10623,84.23911,-47.48667,-4.9207764,16.37452,57.341652,-190.76825,-88.07716,-207.32915,-51.200195,-259.60895,-44.791245,-207.72397,-124.102844,-10.334951,-602.5199,186.98927,107.90651,130
56,-292.94815,102.50031,50.140625,204.60803,-352.19098,-179.26544,9.288849,225.2206,107.113434,-26.748196,-28.581497,16.755058,37.387726,-211.31688,-122.41388,-203.59335,-29.993538,-295.5141,-67.29277,-246.77597,-113.49859,10.939537,-617.4532,175.43826,138.93906,130
57,-294.1393,106.15364,58.35785,201.9725,-345.598,-176.99113,9.619064,232.44595,105.34449,-30.140232,-31.388557,17.456146,37.195816,-200.57893,-117.13202,-194.08467,-32.69346,-301.3378,-65.20718,-247.54796,-106.75103,1.2217693,-609.66846,178.23198,138.13406,130
58,-295.86658,113.345474,63.49037,197.83748,-350.0658,-174.95706,11.060211,232.57133,103.442566,-31.654175,-31.028542,14.438232,38.704704,-205.72235,-112.21257,-194.23845,-33.066658,-298.05502,-63.852005,-247.18535,-104.59557,2.123333,-607.68506,190.27905,140.46086,130
59,-296.4363,118.98121,65.36051,194.59549,-351.34534,-175.22246,3.9172668,232.94592,95.11329,-32.940994,-33.43202,15.354519,43.905823,-199.00911,-100.40468,-186.93556,-31.399254,-290.97293,-75.02759,-233.92949,-96.81995,-5.9534187,-602.1228,194.72192,141.15424,130
60,-311.32785,103.64786,92.69009,130.29291,-422.85535,-183.32973,-44.90439,234.95721,45.568047,-114.862404,65.52138,-38.875713,99.24362,-156.5485,-25.000969,-138.23232,-91.38765,-254.18675,-22.358185,-139.19418,-124.752625,-66.892105,-511.2276,220.67227,113.945694,130
61,-303.10657,113.680954,75.02823,193.22873,-362.40857,-179.75809,8.535919,236.08911,94.95152,-36.327778,-25.321106,17.918789,46.71264,-193.54225,-92.72482,-185.35736,-34.016235,-287.1258,-76.851776,-234.03696,-104.823814,-10.236195,-600.2476,199.56967,141.79904,130
62,-299.64276,113.015945,71.277054,188.97339,-360.54315,-177.707,0.05795288,214.89806,80.68934,-44.783016,-21.184177,15.44569,49.662003,-180.8911,-83.2737,-183.26639,-36.048813,-276.06494,-76.220436,-205.94897,-102.79556,-17.757881,-591.95526,204.94397,130.37744,130
63,-310.70837,118.80342,67.88466,186.24057,-362.43713,-173.67867,-3.0354614,217.42822,76.68073,-48.165455,-16.540459,2.3778076,61.308777,-176.41223,-75.73337,-181.83606,-32.662308,-277.58966,-75.663055,-198.21637,-98.663826,-22.872269,-593.3572,207.29062,133.90852,130
64,-310.70752,121.43996,69.6251,181.03912,-355.22418,-161.82321,-1.9376373,219.83084,65.23249,-48.971466,-11.287506,-0.20329285,67.30357,-170.01973,-70.99759,-171.89786,-40.514786,-278.3785,-73.11553,-190.56808,-96.56938,-27.448475,-587.9912,213.38103,140.70819,130
65,-304.79672,123.44462,66.98634,176.76639,-350.78983,-158.50177,-13.669434,213.66011,56.898254,-57.995857,-9.981876,-3.666069,69.03894,-158.58073,-57.79379,-166.24646,-41.626266,-270.89102,-67.00524,-169.26508,-82.40264,-30.200727,-572.628,215.88419,138.7582,130
66,-300.51062,122.7926,59.07348,170.61359,-345.03973,-156.01129,-26.0475,203.76138,51.038567,-70.48667,-4.6399,-12.77742,74.49509,-154.13956,-42.574673,-158.61261,-44.55661,-266.58875,-59.129807,-149.2538,-78.572296,-34.205814,-564.33167,221.26538,130.95758,130
67,-293.7315,119.814415,57.952896,161.94223,-346.01282,-146.78287,-33.651,204.27312,42.890305,-72.63427,11.890469,-4.326027,80.325645,-145.42998,-28.540756,-144.18968,-41.13463,-260.015,-53.451797,-137.3298,-69.68416,-33.710506,-546.69543,221.60187,130.68866,130
68,-291.88013,111.68045,66.37655,150.50238,-337.40033,-130.60095,-36.994675,203.81999,35.292778,-80.949646,32.815994,-4.783844,80.345856,-141.49329,-17.590076,-128.68109,-51.000153,-249.45834,-36.802338,-119.555016,-66.37085,-36.681896,-519.56335,224.35858,136.94919,130
69,-298.08337,112.88941,57.405464,149.59656,-344.84622,-135.69772,-26.555153,214.43867,34.21158,-70.26934,33.801018,3.1399536,80.952095,-149.42685,-22.45459,-130.99792,-44.59796,-255.92935,-45.873,-128.63002,-70.86409,-29.189423,-528.2638,230.2991,141.37274,130
70,-296.86475,113.99885,59.34658,140.75983,-342.95532,-136.02386,-33.831993,208.0762,24.455887,-81.86818,39.814762,-3.487999,82.62839,-146.76443,-4.0060883,-121.22579,-57.86058,-251.484,-35.584717,-103.120316,-62.99498,-36.003967,-510.9926,232.0192,150.42674,130
71,-311.773,98.71898,84.983246,134.3898,-418.6164,-165.39949,-41.805283,231.93924,43.939568,-100.936935,68.325836,-37.52342,91.7655,-158.14682,-35.279896,-144.35516,-62.448135,-249.40634,-26.937683,-143.72852,-119.38826,-59.83005,-519.7523,206.02725,103.08739,130
72,-290.37067,116.59512,63.660385,138.10367,-340.0772,-137.24747,-41.20787,208.94516,24.005249,-84.0544,39.13067,-0.55039597,81.608055,-137.897,-3.426529,-120.75052,-56.600914,-247.2573,-35.15326,-97.101685,-57.241188,-39.440605,-511.23615,233.2208,153.90802,130
73,-280.13803,118.48954,56.714554,138.36899,-327.50787,-132.1738,-48.227753,200.86462,23.159187,-86.15703,31.059887,0.29281998,81.377075,-130.36261,-0.8934097,-116.696,-54.169197,-237.00095,-38.856834,-77.617935,-47.912834,-44.389397,-502.41486,224.76227,146.90453,130
74,-276.3466,113.351845,63.123756,139.54182,-331.66812,-139.85172,-52.116898,195.84831,18.442955,-83.97548,27.269287,12.137722,72.050064,-134.86449,-1.1200104,-115.94688,-60.874466,-232.99147,-41.579727,-77.24011,-55.520073,-42.053528,-499.40717,223.8464,146.1114,130
75,-274.20587,112.841,67.88516,132.86394,-332.3602,-146.8779,-51.2474,195.78847,21.192802,-83.9762,29.025677,13.067898,69.227905,-142.15997,0.72049713,-113.56558,-70.26142,-234.25739,-42.37993,-90.32492,-60.057922,-44.11389,-499.60138,220.2847,154.57162,130
76,-268.09583,107.90822,63.63427,132.53802,-325.02786,-151.19739,-58.479324,188.65895,24.477531,-91.560074,25.674965,10.713608,72.061005,-143.46991,2.7363205,-108.77544,-68.11244,-227.76584,-37.41324,-86.65224,-58.01078,-48.407364,-495.6006,220.15533,160.79582,130
77,-264.29272,104.57036,59.628563,125.21328,-340.11008,-151.69682,-57.463303,192.58972,18.96389,-96.13136,31.512875,14.572613,70.89086,-146.06764,13.598839,-106.30962,-72.83151,-229.6786,-31.064224,-88.334885,-55.824142,-49.65622,-493.0875,217.98083,160.43674,130
78,-250.18988,99.98621,56.9059,126.73297,-333.64542,-149.68575,-62.76104,190.7248,20.568329,-89.899574,18.905125,24.353195,58.2501,-151.92825,11.102982,-102.15302,-65.30473,-226.13852,-35.132797,-96.328735,-59.728664,-45.965157,-482.25986,205.15948,161.91228,130
79,-248.96422,92.33119,50.56961,118.29945,-333.36444,-150.35156,-60.93013,188.00716,16.707268,-90.92517,18.34869,26.508892,51.17054,-159.66977,10.154556,-102.29807,-66.65785,-221.73853,-33.693604,-95.33058,-61.64093,-46.73443,-477.18695,199.53464,161.23317,130
80,-245.50475,88.03711,51.522346,113.99356,-325.50003,-146.0412,-59.99688,181.16037,12.670433,-91.9655,18.178055,25.59732,42.47529,-162.46147,7.4847336,-100.066185,-67.74907,-216.40376,-31.632675,-92.830414,-59.484127,-50.96974,-462.8975,189.10489,160.58365,130
81,-233.5968,83.33875,48.268753,110.45866,-321.39343,-144.428,-60.02156,171.2854,9.526245,-93.00416,12.555031,29.42205,33.961906,-168.46591,2.7500763,-96.92269,-70.38905,-206.13112,-25.28151,-96.69345,-63.462456,-49.68709,-448.458,183.19681,164.87234,130
82,-313.62326,100.697464,84.520325,138.16684,-418.30948,-166.44254,-39.329803,234.10437,44.65824,-103.81023,71.665085,-39.132156,91.50777,-157.15668,-32.737206,-140.11926,-66.25346,-252.18204,-26.26886,-140.35638,-119.01456,-57.96839,-520.35834,210.00249,102.39694,130
83,-238.79611,85.17508,51.243324,109.62067,-333.31415,-151.02612,-67.24092,176.41469,10.697144,-97.046295,17.355766,31.557087,34.935585,-169.21996,8.250778,-99.24606,-71.0426,-210.54105,-29.290451,-97.436066,-60.437214,-49.808723,-464.87738,192.0712,171.58464,130
84,-232.12598,81.76864,57.17076,114.06306,-328.25885,-146.51505,-68.462166,179.23012,9.971352,-95.57683,14.406872,41.527428,27.761642,-173.06447,4.8731766,-95.91811,-72.86136,-208.15045,-31.477783,-103.87683,-65.685844,-50.733795,-457.5477,183.96353,160.42746,130
85,-233.7561,84.56185,57.50811,111.47724,-334.04044,-149.87381,-69.25908,172.35156,8.515732,-100.725266,22.098152,40.723976,24.035751,-178.91013,7.6430893,-94.59086,-74.00789,-206.09735,-31.476135,-102.00557,-71.10367,-52.3125,-450.64874,186.4148,161.4833,130
86,-232.2287,86.915535,54.401924,110.34108,-335.26395,-152.61124,-67.8822,165.18811,10.124588,-97.95031,19.588444,41.53311,20.740715,-178.35605,3.0327072,-94.587585,-71.31211,-206.87845,-29.374321,-107.96605,-72.06196,-48.53262,-444.67047,183.035,164.66183,130
87,-239.996,95.3852,57.09427,116.24437,-336.82623,-155.45782,-59.090546,156.28302,22.333664,-100.38772,24.35122,26.35962,30.151958,-176.29292,8.136063,-96.41325,-74.34418,-206.83566,-25.403671,-103.678276,-71.73978,-46.122063,-455.91156,186.93661,169.51794,130
88,-228.06796,89.525604,54.023163,113.88555,-336.08624,-159.53041,-62.721985,148.75052,24.107117,-114.71745,21.621037,30.76966,27.272682,-183.45319,17.269066,-92.89374,-74.99317,-191.55368,-24.18332,-101.65378,-79.75764,-48.347263,-445.03412,183.03506,160.91823,130
89,-228.43755,93.21154,55.167328,115.41654,-340.27975,-156.35297,-67.96754,155.68378,24.36441,-112.17084,19.530544,29.688812,29.752659,-183.77704,18.767288,-90.731415,-71.93092,-199.05443,-33.703438,-102.05418,-79.57179,-51.63636,-448.523,188.38126,161.97664,130
90,-230.41187,93.84529,52.17633,114.23675,-345.34482,-164.96725,-68.41202,157.42355,30.057732,-118.87598,19.87635,32.736855,30.899448,-187.4475,11.190376,-93.08905,-72.93408,-199.2887,-32.708496,-109.89284,-82.54952,-47.48699,-451.62207,188.08926,164.12073,130
91,-234.18336,87.20868,47.183228,108.951675,-341.50208,-170.1698,-66.547775,146.63477,32.0528,-127.40417,26.821262,20.214691,30.89695,-182.70656,2.4893494,-92.179565,-76.28488,-193.0491,-19.898651,-102.69096,-82.226974,-45.723152,-433.446,180.6933,168.26051,130
92,-239.94516,93.35851,55.083916,111.52772,-350.14197,-176.19684,-61.446762,149.31317,38.956413,-119.61157,24.05465,26.283531,35.59473,-184.28189,-1.8176346,-90.69643,-70.25161,-194.46457,-27.73471,-118.75563,-87.26875,-44.449036,-445.27603,185.04218,179.39066,130
93,-315.0136,109.3601,81.07908,136.14195,-415.06616,-164.06229,-41.073196,237.20607,45.648018,-100.01103,70.34679,-36.11502,94.26731,-151.77924,-37.391216,-137.46161,-55.89045,-254.72318,-31.192932,-144.29787,-112.4389,-56.51683,-523.2571,210.12637,103.03441,130
94,-239.31697,90.03389,45.13961,110.88387,-351.40875,-173.49673,-67.04743,145.3753,43.359226,-135.0805,29.101204,16.631157,37.705555,-186.26498,4.042244,-88.19827,-72.464386,-189.91974,-25.29129,-106.176956,-89.63334,-49.376717,-436.03983,190.06032,178.10855,130
95,-234.45212,80.80981,42.662567,111.49893,-353.09552,-169.54784,-63.310074,142.1261,41.26553,-140.9635,28.468124,11.6208725,35.97899,-184.28314,7.770996,-87.85823,-73.20563,-188.83688,-22.778778,-101.5885,-86.03772,-53.286762,-441.71613,187.75815,174.15952,130
96,-239.70944,89.62195,45.733635,115.77149,-350.54947,-173.91562,-70.89892,135.80412,45.032997,-130.83302,33.371246,3.939331,43.331387,-178.12674,6.9203796,-89.56026,-73.189156,-191.55612,-23.47667,-92.94877,-93.32193,-57.335056,-431.83612,194.612,181.63162,130
97,-239.34814,88.08425,47.553757,121.58435,-351.60443,-170.17554,-69.043045,132.64313,46.94319,-133.05716,34.64455,4.913185,45.068665,-173.67804,12.725502,-91.32799,-74.5435,-191.45789,-23.374023,-95.04509,-92.503426,-57.575718,-441.52084,197.79951,181.19473,130
98,-244.30647,84.64816,42.343452,117.14879,-358.8048,-176.38602,-70.38479,132.81079,47.467857,-131.63048,34.985207,-1.2737122,52.027493,-174.70428,10.368584,-92.22893,-67.868164,-195.03256,-23.112244,-95.56633,-89.8255,-58.443943,-439.28986,198.35811,184.86923,130
99,-241.39418,75.93881,43.37301,115.31295,-359.54803,-177.72974,-71.25548,130.20428,41.88739,-137.05319,38.019688,4.870468,52.299343,-176.3043,18.609764,-91.258606,-67.84041,-188.398,-25.552856,-89.49574,-91.49873,-63.559025,-437.2442,194.21613,174.65161,130
100,-249.03168,74.24246,47.252625,116.072556,-372.41785,-184.26834,-67.40683,137.69153,42.434784,-144.81085,37.39579,-9.559853,58.0091,-173.81021,23.004845,-91.06148,-75.30046,-195.65579,-21.44374,-96.42779,-87.88211,-65.960625,-446.95605,198.68114,181.31703,130
101,-246.57034,69.58285,60.60997,114.85835,-379.08496,-188.24577,-52.98108,146.95857,40.959335,-138.7811,41.338432,-14.57148,56.97711,-175.91931,14.8675995,-85.94655,-70.46059,-199.76976,-30.426025,-109.71898,-97.075714,-63.89232,-448.8176,194.55055,179.96066,130
102,-247.4623,62.18679,63.071854,109.500656,-377.18732,-188.57495,-50.115494,146.55261,43.3106,-139.59766,43.099,-13.862968,54.374695,-178.16641,11.909149,-85.686356,-73.107346,-201.05762,-34.087677,-113.519165,-100.91992,-62.57621,-446.7874,191.13542,177.43799,130
103,-249.57567,62.206223,66.18419,113.11936,-383.19516,-191.4778,-46.324585,153.29343,39.49318,-142.25443,40.880924,-13.56353,52.383797,-180.23703,11.962418,-88.645256,-82.34311,-198.13306,-27.44403,-115.88528,-99.84786,-65.47442,-449.94138,194.09348,176.36845,130
104,-312.22272,108.27893,78.14589,130.92976,-415.7695,-163.12491,-41.958305,238.09756,44.564888,-99.703156,71.23671,-33.82923,94.40539,-149.78525,-36.809807,-134.22498,-53.31047,-257.44693,-30.717728,-148.09459,-112.16066,-57.151184,-519.98694,207.51761,103.89494,130
105,-252.74037,56.58838,65.28252,112.23094,-386.5025,-190.36624,-35.434296,158.95149,35.725372,-141.82858,40.13775,-12.432812,46.83527,-180.0407,10.257751,-89.186485,-82.1478,-194.52733,-29.218277,-119.73562,-104.13203,-65.386154,-451.4847,192.24371,172.91711,130
106,-251.7343,65.38873,62.342995,115.768974,-382.59924,-190.1041,-34.363182,157.38954,38.79518,-143.44821,32.013065,-23.561558,51.650364,-178.11722,15.328247,-89.806885,-75.930305,-197.06569,-33.44345,-119.42703,-102.16419,-63.67726,-457.20767,193.99126,171.23813,130
107,-256.8661,59.104454,61.42873,114.534584,-375.34882,-190.14146,-34.075012,156.20276,38.8442,-140.55081,33.74952,-24.915192,49.21386,-185.07408,12.1356735,-94.09887,-73.64489,-190.52185,-32.312057,-118.37251,-112.79081,-65.077866,-446.97162,191.98169,172.16226,130
108,-259.335,50.658195,55.239605,112.70442,-377.21826,-185.22548,-25.458893,160.81616,34.641754,-139.54277,34.716187,-26.853455,45.748425,-181.6846,3.7081833,-95.251205,-75.66361,-184.99203,-29.18103,-120.223595,-108.76305,-64.98242,-442.49078,189.65979,176.033,130
109,-262.96747,52.641663,55.631424,108.84726,-381.6041,-188.41916,-17.388168,168.4215,42.202568,-127.74374,34.801327,-26.518192,45.84135,-187.24734,-2.092163,-97.818146,-65.08637,-193.12616,-44.7332,-125.610306,-118.68965,-62.82762,-449.6076,193.13571,175.35785,130
110,-261.68658,49.807373,53.47022,110.25535,-374.97052,-186.70822,-15.061325,171.15475,42.970795,-123.83276,30.409256,-28.939255,43.351635,-189.54584,-7.315033,-93.830795,-64.11879,-193.45251,-43.360138,-123.53018,-112.22556,-63.03876,-439.36963,191.59924,175.52315,130
111,-264.33823,54.134666,59.621742,112.02742,-378.82068,-194.13934,-16.749641,168.83533,39.30488,-126.591644,32.64492,-26.272583,44.964886,-188.97917,-16.463943,-90.802055,-66.48704,-192.52132,-42.056595,-133.18274,-117.53947,-60.590252,-429.4394,194.10574,182.56888,130
112,-263.74023,57.490967,60.38571,115.18775,-375.24542,-193.65955,-11.150742,168.46982,45.32782,-118.60974,31.216957,-24.888073,45.626793,-192.91595,-15.479431,-91.78202,-70.2435,-191.11633,-43.90715,-133.84662,-119.82341,-62.307888,-430.63098,194.19522,180.56505,130
113,-260.2087,47.153847,60.535923,117.41446,-360.1051,-176.50537,-9.08847,172.615,57.298748,-105.35411,26.092682,-29.577202,46.413162,-193.99579,-24.650734,-96.88893,-65.0148,-190.83012,-53.452576,-133.0068,-123.083145,-57.97278,-426.9894,194.25862,165.51176,130
114,-261.52072,46.75521,60.817005,121.202385,-356.47165,-177.07152,-4.491699,171.96367,59.96233,-97.92132,29.974037,-29.413307,46.88623,-191.93826,-37.488945,-100.20332,-67.018005,-189.65846,-55.792183,-138.00726,-128.3753,-56.934505,-424.92783,190.31033,158.91498,130
115,-313.21487,99.74263,76.525345,122.7755,-415.49805,-159.86746,-39.902435,232.19865,51.00847,-98.78308,73.0466,-34.332657,93.39261,-155.91016,-38.102818,-132.73239,-47.524902,-257.26666,-37.02359,-147.33154,-114.46508,-56.787632,-515.70056,206.15842,102.66785,130
116,-263.0937,59.853306,67.60008,128.62334,-344.41025,-173.41411,5.4903564,167.58647,67.0457,-85.988335,31.626614,-33.19509,45.97129,-195.38895,-50.560295,-96.4823,-65.38974,-196.33917,-52.6567,-147.35637,-134.5369,-60.36886,-427.75186,181.28317,146.00452,130
117,-264.77478,42.787807,62.196327,125.12853,-330.10992,-177.03113,19.187965,162.28052,73.129364,-78.1286,24.282913,-38.594273,39.515984,-202.69748,-61.934086,-102.70682,-67.60702,-192.89496,-48.443718,-149.69556,-143.21417,-53.819412,-420.80292,179.28116,140.2665,130
118,-264.90002,40.156506,64.489426,119.48271,-340.0198,-183.13821,26.26416,165.00043,75.0293,-78.04677,23.047977,-40.958405,44.286625,-200.44604,-71.42562,-103.45148,-64.9202,-195.84634,-46.658005,-160.83792,-144.52351,-50.881317,-424.24042,176.09688,143.71245,130
119,-265.96417,31.769798,62.88538,106.18271,-343.92145,-186.67183,33.79335,177.65468,70.91202,-65.76997,28.768707,-32.320686,40.70439,-204.54971,-75.95632,-99.278305,-59.73886,-199.20859,-39.56127,-175.20398,-138.35315,-45.980812,-421.6664,172.47943,147.29623,130
120,-264.02084,32.52061,71.08946,106.44824,-353.27203,-196.53365,19.851051,178.49371,80.95802,-65.9398,34.25563,-27.821404,52.418613,-200.7539,-71.77052,-91.09,-60.55368,-200.03142,-36.08806,-178.06903,-141.23178,-38.74073,-418.42743,179.27928,143.74515,130
121,-264.25757,16.462677,68.868195,92.5942,-361.60773,-201.73517,39.600967,194.039,79.0076,-64.5279,35.056595,-18.40699,48.35208,-191.82451,-82.25877,-90.539955,-67.83243,-200.04434,-21.743477,-198.56732,-145.88922,-26.15378,-418.10513,169.83704,149.23758,130
122,-261.65677,10.986595,68.09895,86.24916,-350.4511,-192.6846,31.81858,199.82675,75.436295,-62.714447,39.41293,-13.933006,44.444736,-193.8557,-85.68594,-83.943535,-65.34825,-200.50565,-15.617279,-200.32147,-136.31424,-25.480345,-414.46857,167.26976,149.0929,130
123,-260.06464,13.637001,68.78271,79.30591,-346.43,-185.11136,20.882751,213.44826,75.26511,-55.13978,43.087906,-7.5246353,51.77411,-186.04584,-81.43292,-77.66437,-56.43628,-196.53708,-10.417725,-208.67918,-122.6245,-17.34334,-421.33725,172.37228,147.17526,130
124,-258.47058,8.241989,59.933327,72.97902,-341.82916,-178.3139,22.741676,219.79332,72.87794,-42.64632,42.216713,-2.2934952,46.106537,-188.12923,-82.46495,-74.83809,-52.93917,-194.8156,-8.731216,-209.35667,-119.26589,-11.948916,-414.7935,169.4071,155.15254,130
125,-264.35303,-2.0992584,58.87143,57.97371,-350.02905,-186.35828,15.384094,242.44655,78.30393,-30.568634,56.190163,-6.0015793,48.173923,-189.78185,-82.84752,-61.114563,-56.567513,-198.98982,3.8954926,-220.48889,-114.09503,1.3755922,-419.86438,161.89578,160.66277,130
126,-311.77533,98.806366,79.10861,119.93208,-413.27203,-162.7869,-37.098267,232.44926,50.119476,-96.53972,67.46335,-28.729126,89.59433,-156.601,-36.310993,-129.90894,-55.27427,-256.90985,-33.67772,-149.55173,-112.53298,-57.959,-515.55237,204.94855,104.8603,130
127,-266.32562,3.0898132,57.319923,68.642395,-343.3326,-184.6523,3.1842499,235.40894,79.82088,-25.203602,47.760494,-7.6665344,56.762352,-189.35077,-77.30876,-69.398575,-50.525993,-203.76556,-11.353119,-206.10632,-108.089775,-2.32481,-426.97977,172.62344,149.04855,130
128,-260.40448,-6.508133,54.62166,46.13524,-350.07593,-182.58667,27.794441,248.51013,78.68957,-3.7153358,63.420364,-0.67123413,54.371758,-181.44983,-81.922615,-54.079132,-52.99492,-198.88174,5.449585,-242.21996,-106.50483,20.73649,-418.1322,153.83829,158.0101,130
129,-255.44862,3.0574646,58.36975,69.990845,-348.55774,-181.27289,10.722504,235.93967,68.67835,-34.272125,50.793922,-1.4262238,48.047832,-174.53627,-69.134926,-62.936035,-58.284363,-197.99005,-11.572052,-198.55864,-86.95012,-3.6888857,-421.10474,155.85478,149.27946,130
130,-260.0653,-4.029831,55.443497,66.256386,-359.11652,-178.9872,35.443962,241.97966,76.589455,-16.504799,56.24727,1.489006,50.545532,-172.9451,-67.78248,-60.44557,-66.16868,-199.42224,-4.7579803,-222.52042,-103.05139,6.1600523,-423.68542,150.37263,155.40027,130
131,-257.47302,-0.7314682,56.775856,77.26251,-358.47018,-180.50867,29.788635,233.1698,74.460724,-31.562817,48.353188,-2.6212616,44.855095,-175.67859,-61.63983,-70.134,-71.66538,-203.14221,-11.1631775,-205.72269,-98.088684,-1.6200261,-428.57208,156.9814,154.79909,130
132,-253.20694,-8.581341,47.784058,70.32157,-357.3096,-186.14453,60.03012,244.2299,81.35108,-22.658497,42.442036,10.668213,35.349792,-179.41068,-63.447403,-61.965958,-88.531586,-209.96187,-6.4410706,-235.92496,-116.046455,9.790339,-428.8925,143.83276,162.91936,130
133,-252.70763,-5.3859215,46.273438,76.55116,-357.2088,-191.33118,43.89717,225.95915,70.4478,-43.112194,34.64288,-5.9393234,35.379204,-179.07928,-49.142235,-74.86423,-97.88997,-210.12921,-12.882507,-195.91092,-104.770645,-9.175032,-428.87375,151.2437,151.5091,130
134,-256.75287,16.785976,36.94632,81.91141,-360.41415,-194.41826,16.974335,197.71634,58.409145,-82.705696,21.90907,-21.063179,37.65787,-195.79144,-37.7464,-92.58136,-102.496895,-202.14264,-31.110558,-151.9335,-100.60628,-44.558754,-446.50247,172.59897,137.91089,130
135,-248.87805,-7.068611,44.489227,72.36977,-361.3394,-192.75073,47.62857,222.99078,73.929886,-37.165443,29.40255,3.6551285,27.232841,-185.71843,-44.995148,-72.77167,-102.63812,-215.45883,-21.450989,-202.87184,-106.02733,-6.8537903,-436.77216,149.06235,156.88986,130
136,-250.39897,0.28927612,35.25116,74.17259,-346.79675,-186.1838,39.359856,193.7714,52.28893,-60.157486,23.321136,-3.7039337,22.940907,-191.64496,-53.08922,-89.58824,-96.75999,-196.12451,-29.77356,-166.73186,-104.67802,-31.92295,-431.44757,157.53079,143.88065,130
137,-315.62994,97.96161,77.7607,126.40008,-407.1379,-160.67369,-37.42604,235.60406,50.828003,-98.305695,65.058846,-33.896423,85.43704,-157.00688,-42.66287,-128.08806,-46.754944,-259.80548,-39.478653,-152.78299,-109.91039,-57.205048,-513.6123,203.80762,102.6601,130
138,-247.92395,-15.267498,47.843216,62.465225,-368.54883,-191.32625,44.7554,224.46275,86.089836,-34.09646,37.09566,5.079155,31.322254,-193.34344,-42.252663,-63.405853,-111.85826,-219.98398,-23.47145,-211.45859,-118.066635,0.7973728,-438.58185,158.0318,159.95654,130
139,-250.99277,-10.354485,45.555305,59.410637,-370.51178,-195.868,38.182556,214.99405,81.71512,-41.0029,38.377453,-2.0748901,38.60216,-196.152,-33.98845,-66.00055,-122.34781,-215.13077,-19.078339,-205.50461,-125.13607,1.5760841,-433.26343,165.31462,156.43509,130
140,-246.07332,5.373394,42.70069,57.319107,-369.55182,-196.41737,15.352783,220.08096,77.29645,-36.08075,33.16241,-8.297913,42.24442,-204.96906,-32.662178,-66.175644,-117.45384,-212.8153,-23.081207,-202.33313,-129.59508,-0.84698486,-424.6789,168.8417,149.1759,130
141,-261.60956,8.050339,36.023666,53.94045,-384.46524,-203.29143,9.360878,230.27899,79.411606,-30.77633,33.215717,-8.284447,46.844425,-205.48358,-31.195152,-62.687073,-110.63681,-219.33466,-27.777542,-204.97446,-125.011795,0.24096298,-442.99573,179.57497,163.60483,130
142,-263.55106,13.848347,38.24965,53.187683,-390.3598,-206.6832,-10.097778,226.0824,75.09898,-33.44097,37.094902,-12.000046,49.65886,-209.05786,-26.920303,-68.32843,-108.822784,-215.29819,-33.61647,-198.63199,-132.6544,0.14007568,-441.54138,189.32446,153.2251,130
143,-260.897,19.305016,36.09839,60.700367,-379.1077,-203.16998,-19.490707,217.8807,65.34067,-34.726807,29.737823,-15.636726,50.18159,-206.11064,-25.314537,-74.84209,-99.78303,-207.83139,-40.074203,-180.85062,-128.51279,-4.4930897,-435.34796,187.73068,142.20157,130
144,-256.92865,17.609371,40.01625,60.691692,-392.73322,-206.46812,-22.69841,219.42398,63.69954,-40.669464,37.751534,-18.110123,50.666767,-195.51389,-16.85022,-72.63394,-107.66734,-209.02179,-45.178856,-168.89761,-127.50678,-10.947926,-442.6957,192.72879,142.92628,130
145,-257.27228,17.996273,38.907814,61.406475,-379.33655,-204.7513,-19.573036,220.73326,61.035248,-42.516743,27.80291,-15.575478,48.922688,-202.73996,-17.272705,-81.07126,-97.63637,-200.11678,-44.336075,-157.95615,-124.57766,-13.857567,-438.7351,192.1261,140.63168,130
146,-248.73688,21.78286,40.235123,66.510315,-371.41562,-202.62326,-26.299118,216.49216,56.986107,-55.313545,18.950577,-17.610672,53.202892,-196.56845,-9.626862,-83.04202,-95.038574,-204.1455,-52.335968,-140.40155,-117.44644,-18.450912,-431.58813,188.39937,138.4818,130
147,-240.21121,46.391964,17.053299,69.42136,-326.38184,-182.95439,-38.452347,176.96481,50.398243,-59.397964,-15.875784,-10.25946,42.048782,-208.54433,-29.661217,-110.99382,-76.872406,-190.48906,-63.99431,-93.22001,-101.34941,-43.196907,-440.43024,181.87726,115.61835,130
148,-318.8321,103.49442,82.33446,124.15074,-410.81665,-165.13873,-36.80963,241.95465,46.923378,-98.541855,64.16324,-30.211655,88.18054,-154.90894,-38.58428,-129.25874,-55.45185,-263.84485,-37.86345,-158.04001,-111.18819,-61.33005,-508.48376,208.26352,108.17014,130
149,-254.89932,20.44355,15.009888,57.576237,-381.88672,-200.80222,-45.817413,212.94246,51.361633,-86.2386,5.1423035,-27.739433,58.843433,-187.41066,-3.5212097,-105.6677,-92.96747,-200.48648,-50.60051,-115.56268,-89.64614,-37.01635,-464.24893,196.55458,135.18442,130
150,-249.2763,26.426552,19.92183,61.530987,-370.61108,-191.24771,-44.08085,218.51285,49.14498,-82.80698,0.9153328,-28.656593,62.93669,-179.92848,-3.4412537,-103.36324,-81.47805,-203.75702,-57.268623,-112.12832,-88.959335,-36.314507,-446.51288,193.96198,126.91177,130
151,-246.76157,28.256569,14.6785965,60.5169,-355.61005,-190.76793,-36.641106,219.2507,51.952934,-77.60715,-4.793808,-31.894638,63.384144,-185.75467,-10.226463,-109.029755,-75.99929,-206.3615,-57.678864,-111.427895,-87.241516,-31.015995,-435.08466,185.90019,130.2381,130
152,-246.93707,30.050613,9.43219,59.896027,-358.38794,-197.75879,-41.933174,223.10754,64.75778,-86.54157,-6.760006,-35.39244,72.87102,-194.10992,-13.304848,-114.14137,-79.18086,-207.19429,-53.86167,-120.1587,-84.873795,-26.835632,-448.24823,188.04605,125.30016,130
153,-240.76582,38.75364,13.78801,65.05191,-343.43317,-192.79117,-49.83645,215.54523,68.57181,-94.11392,-10.9891815,-38.164017,78.879425,-197.37228,-14.23436,-119.99257,-74.55722,-204.6651,-53.916275,-105.65619,-77.50375,-37.148422,-450.19656,186.12708,112.07846,130
154,-237.3356,34.418793,21.359184,69.050735,-335.0437,-192.7033,-42.66942,213.3466,70.57864,-85.874146,-8.869436,-38.66353,72.588486,-195.5964,-19.782036,-123.23287,-79.041794,-202.203,-55.299538,-106.82892,-81.70787,-32.406757,-434.64572,177.97488,108.68219,130
155,-237.73581,38.01422,21.41246,68.08479,-323.40277,-192.74905,-42.880608,214.6044,75.18637,-82.109406,-17.814865,-41.667717,71.37897,-193.08218,-24.063278,-130.96855,-72.7313,-201.34923,-51.10202,-114.92069,-82.23515,-27.90745,-428.75256,176.72328,106.23625,130
156,-230.43132,47.677856,24.217926,70.11123,-304.47278,-188.68774,-48.310974,206.19107,77.91467,-87.28636,-24.687199,-47.117146,69.63406,-195.32047,-20.31306,-137.63965,-68.646645,-196.77426,-55.87758,-104.0071,-80.823044,-30.79177,-428.28784,175.7981,94.80998,130
157,-229.23862,52.371452,25.207565,70.89322,-300.00024,-189.81706,-50.47113,207.74855,81.23262,-86.911316,-35.51138,-42.65487,61.51405,-192.21526,-17.416664,-143.67607,-61.02581,-196.33131,-60.656174,-107.974396,-80.45638,-29.107635,-433.89282,178.69171,91.28932,130
158,-229.79999,55.438175,20.879692,69.82381,-286.52966,-191.05502,-56.35611,206.21582,85.55649,-91.67813,-47.757034,-47.286663,59.451263,-193.83228,-14.083488,-153.6358,-58.58641,-196.93713,-68.74106,-105.19946,-81.0454,-27.968506,-437.57413,181.97272,93.654305,130
159,-313.17633,99.19408,76.40756,125.22676,-412.75,-169.69919,-37.41127,239.587,56.107407,-96.062515,56.8003,-28.820492,85.9596,-154.60959,-41.158012,-131.4342,-41.7155,-268.2016,-51.443123,-155.98102,-109.55287,-61.00782,-513.44257,200.96027,115.3908,130
160,-281.99683,92.45715,74.81117,118.84957,-437.1518,-180.30453,-54.545685,206.75008,30.35402,-117.951096,45.83445,-44.138973,98.081985,-129.63934,-6.8695297,-157.1596,-93.25043,-233.07407,-10.359283,-119.2547,-98.75488,-69.64433,-490.7857,218.09027,107.69295,130
161,-228.25082,52.918762,16.47081,62.688454,-269.7103,-182.42096,-54.912003,193.60086,80.51679,-89.027756,-51.45353,-47.51324,52.025864,-197.03064,-6.671974,-152.09238,-51.834244,-190.92148,-71.48425,-92.94767,-76.96506,-26.2585,-427.70642,180.78947,87.03969,130
162,-222.04102,54.231186,22.801308,73.39842,-249.66824,-165.06543,-49.44426,172.33636,65.499695,-96.32986,-50.048576,-49.17221,42.01001,-199.33199,-0.17206573,-148.44449,-54.403366,-175.67255,-64.52265,-45.63241,-64.48935,-43.65829,-425.9999,173.29927,70.50253,130
163,-231.18289,47.628563,14.635429,60.307896,-244.75116,-175.278,-47.62417,182.31827,78.68254,-78.46871,-64.55081,-42.743793,38.72838,-207.63498,-1.9066925,-156.301,-44.147873,-181.7074,-75.702194,-75.65186,-74.530426,-25.844473,-419.18494,179.64236,77.53987,130
164,-224.40161,40.5971,12.027855,56.309303,-240.3436,-170.09204,-49.07514,178.90161,76.41394,-77.26535,-73.55493,-43.593628,33.172073,-213.36945,5.7347717,-155.625,-45.845787,-176.48004,-75.38556,-61.729237,-72.13388,-33.447273,-416.70627,183.13232,72.7305,130
165,-222.3964,41.63233,16.803696,60.391777,-240.80197,-168.11505,-50.691193,177.80711,74.387115,-75.34625,-72.587326,-47.25951,30.277077,-209.41498,9.580734,-154.06113,-49.28633,-174.31856,-78.26676,-60.022247,-70.26446,-32.567654,-412.02155,188.87389,72.528435,130
166,-218.12326,37.710445,20.578903,62.24961,-229.52234,-161.83191,-51.77466,171.7691,70.55642,-66.551216,-73.76986,-49.7089,24.056519,-213.50485,3.0063248,-155.43393,-44.809387,-168.47482,-78.22764,-56.30685,-67.52885,-37.566902,-403.75647,191.03784,67.72519,130
167,-211.18698,40.77884,23.423302,62.752205,-218.74802,-157.26904,-53.385864,166.50285,63.361336,-57.188644,-77.33943,-48.10995,19.543007,-209.21762,0.0814209,-147.99306,-42.200863,-166.28558,-83.3955,-61.812813,-65.86627,-38.2601,-397.73053,191.02872,62.681656,130
168,-208.11937,48.083794,33.046112,68.19429,-204.39166,-157.85403,-56.903236,162.2268,68.70134,-53.343708,-81.932686,-47.456818,16.690392,-210.8447,-5.463745,-152.15833,-39.616383,-161.64297,-87.990295,-56.75708,-62.948647,-44.812244,-398.62585,191.77203,56.6395,130
169,-214.2366,44.277412,28.947067,68.60831,-202.99118,-153.56993,-55.299744,164.32663,61.362236,-51.27732,-81.82926,-43.740486,17.36856,-208.3053,-7.7457504,-151.8312,-38.652058,-158.78674,-87.85586,-58.75358,-65.46177,-42.941784,-398.86728,191.34204,59.147957,130
170,-221.04587,49.63713,29.526062,72.76332,-196.37726,-154.86641,-61.29129,163.5971,63.208538,-42.39479,-87.31455,-47.984375,18.126259,-213.24612,-11.901779,-152.74635,-32.62875,-159.44586,-92.77481,-54.080585,-62.857456,-43.4978,-405.13287,190.5737,57.79732,130
171,-312.51178,94.39926,77.63456,115.44402,-425.2422,-177.08157,-35.520447,238.71298,58.082787,-99.43102,60.08576,-33.024498,89.03494,-159.10362,-32.932022,-134.94958,-55.435257,-267.63837,-47.95581,-159.98398,-117.194145,-63.36528,-510.45898,204.61755,115.61758,130
172,-214.14015,56.01799,31.672821,72.70005,-192.16556,-154.74281,-69.51677,160.48132,57.136093,-39.04589,-87.096405,-42.301422,18.742569,-206.5777,-11.133232,-150.36238,-29.113613,-156.4794,-94.94363,-48.664684,-56.897247,-52.0229,-398.53192,184.85017,58.533405,130
173,-199.2785,69.72542,34.977547,74.09464,-179.09537,-151.17178,-71.26685,150.9674,51.18887,-46.675865,-83.83013,-48.087868,22.536385,-201.60498,-8.942329,-143.96997,-23.730091,-143.6578,-86.30567,-31.018112,-49.556534,-59.975983,-390.33197,173.34097,56.536648,130
174,-205.50528,67.269,33.82345,78.632095,-182.5422,-151.93306,-75.077576,157.16061,52.41738,-43.487873,-74.83267,-39.073082,18.9068,-200.95232,-10.221203,-140.54298,-24.209557,-146.44626,-86.88837,-38.102463,-51.556984,-57.960064,-386.68524,177.12622,55.67502,130
175,-196.78456,69.84387,34.713463,74.60039,-179.1662,-155.05963,-75.80261,154.97961,47.81908,-49.433,-73.14873,-39.27006,22.115158,-199.2526,-9.672295,-140.61075,-25.025276,-138.78047,-86.83431,-30.497856,-48.47023,-63.183914,-378.09357,173.18982,51.560257,130
176,-207.73653,63.23693,40.1978,80.09478,-192.02516,-153.75421,-74.72296,158.8663,52.317036,-36.127346,-80.02988,-32.265137,17.328598,-207.84079,-18.467617,-147.51662,-25.474728,-146.75067,-91.71132,-42.990463,-54.186,-59.62992,-389.3859,179.90411,54.92686,130
177,-200.51279,66.98183,39.32962,73.65604,-194.67421,-162.77943,-78.80449,153.39496,55.525978,-45.171192,-79.770096,-35.381744,20.291924,-206.5779,-9.435211,-149.50134,-29.828018,-149.47803,-94.82768,-38.904957,-46.926373,-63.263588,-388.1742,178.53586,56.86698,130
178,-197.96707,71.731674,42.40146,75.33353,-199.26224,-170.55748,-80.98509,155.29593,62.092476,-48.200035,-84.483475,-31.76532,25.19397,-209.48239,-1.3999329,-154.26114,-31.353462,-146.98741,-94.405045,-35.328217,-47.112587,-67.18297,-392.92633,181.54825,56.133522,130
179,-201.25334,63.354584,43.755608,72.2724,-194.0863,-163.5995,-73.95656,153.60542,58.360573,-40.9552,-84.00702,-28.016022,16.790535,-211.00478,-4.8053665,-145.06882,-32.59189,-147.23795,-96.94568,-38.66456,-55.8261,-61.00147,-379.6681,179.90463,57.51813,130
180,-196.0517,64.18108,40.018616,68.469574,-203.51219,-166.7452,-68.764404,153.27063,58.23673,-38.872566,-80.73803,-19.544197,17.991043,-205.42816,-9.752281,-146.89317,-29.584805,-143.26753,-97.71321,-44.49233,-56.701588,-57.031246,-375.62476,180.04971,57.918575,130
181,-192.92334,67.94919,41.27379,70.99691,-197.41675,-164.26677,-61.832844,150.21284,63.735706,-45.03135,-81.737625,-19.504345,19.922142,-206.17084,-15.515438,-147.69257,-28.946007,-141.11108,-98.00507,-41.306293,-53.654053,-53.241726,-372.88562,175.8222,58.440598,130
182,-307.05338,91.686935,77.59224,124.18051,-420.0644,-179.86739,-26.08751,242.55214,63.113327,-99.87171,51.535572,-28.865585,74.31839,-163.95457,-40.65811,-130.17319,-37.78235,-271.1304,-58.196976,-162.93555,-110.57352,-59.956993,-521.45374,190.78322,117.730804,130
183,-191.65662,68.94684,39.18091,66.01213,-200.51733,-166.41994,-59.66596,150.1915,66.13344,-47.25155,-79.03762,-18.997791,23.620956,-204.65361,-5.2821503,-147.51636,-33.229317,-145.13777,-99.02807,-40.809887,-48.621777,-56.699135,-376.33902,178.43307,58.655655,130
184,-190.56049,62.45812,31.232094,58.296917,-196.41182,-155.04962,-46.443024,144.838,58.854866,-41.480934,-75.23601,-10.474293,15.789864,-209.74142,-12.098965,-143.39156,-25.451637,-137.22684,-95.329575,-45.752373,-52.756893,-43.383904,-361.02277,178.22966,56.412315,130
185,-193.88718,62.470623,28.427216,58.177208,-195.32074,-155.00644,-41.282135,146.68248,55.494957,-45.749878,-67.20082,-12.074806,14.809921,-221.70203,-20.781387,-141.95744,-21.142502,-134.79288,-92.30497,-48.306385,-60.624367,-41.041798,-364.2225,175.39972,49.613777,130
186,-192.93164,65.31805,33.270233,62.181057,-196.61014,-155.98402,-44.088722,146.81006,61.6812,-47.61621,-65.64386,-10.859371,13.943329,-220.82742,-13.727978,-141.34123,-22.501457,-136.73665,-90.63768,-50.087788,-54.767105,-40.59744,-362.81894,173.19409,47.541683,130
187,-193.75356,62.894447,29.018478,64.75789,-197.11328,-156.13461,-40.087814,146.9802,58.874622,-49.345356,-60.267902,-6.7725525,9.983894,-225.58612,-15.120598,-138.11401,-14.54483,-134.8662,-91.109604,-56.784157,-59.81996,-31.8176,-356.56256,176.10663,47.817764,130
188,-193.9505,58.51691,32.944016,68.15402,-195.70883,-156.44446,-43.000008,149.87982,59.96738,-47.639126,-60.65613,-2.980133,5.6993866,-228.9462,-11.801678,-129.655,-8.820732,-129.25238,-90.70664,-59.66261,-59.881104,-26.122028,-350.69016,175.28358,45.475147,130
189,-192.5918,54.532326,25.780388,70.488174,-200.18867,-152.323,-38.47232,142.56638,59.811188,-52.493553,-56.614323,-2.6747322,8.1710205,-231.75821,-14.931095,-128.35297,-8.041306,-132.69804,-87.35698,-57.63294,-62.80687,-23.27783,-343.93726,169.52864,53.002308,130
190,-190.81656,55.567898,25.048737,70.60765,-190.5971,-148.39662,-40.200806,141.98999,59.609394,-60.74318,-56.306625,-10.876583,6.1415787,-229.6972,-14.438824,-123.71487,-9.091354,-129.78528,-85.78777,-57.316925,-64.0289,-24.181423,-341.49512,166.03613,47.25777,130
191,-188.84438,61.737103,20.829163,68.77177,-215.71844,-152.53201,-47.221756,151.26727,53.60899,-65.269165,-51.107487,-8.30645,8.767784,-221.19424,-4.8637733,-122.01073,-13.179817,-133.76353,-88.144165,-58.040005,-68.63313,-27.575293,-343.99725,164.79633,52.036877,130
192,-182.08519,53.80541,22.981674,72.892044,-209.86743,-152.52243,-43.69241,148.56995,52.613594,-59.619663,-53.100864,-4.4608917,6.5668564,-219.85126,-9.288231,-116.81067,-4.3034286,-127.37245,-94.69176,-66.401886,-77.051476,-20.13824,-327.9696,160.80803,50.791885,130
193,-311.2516,90.1537,76.64094,118.59651,-419.02066,-172.91841,-27.443176,236.22688,61.50158,-99.41429,53.028175,-35.215233,79.90318,-157.48592,-41.87455,-130.44383,-45.278168,-269.17947,-49.631393,-150.64992,-110.33617,-59.118195,-505.4514,189.0064,118.35912,130
194,-184.86618,50.651394,21.536713,71.91756,-210.34248,-153.39369,-40.90693,148.82545,54.83462,-60.230774,-53.43563,-9.204628,8.5245285,-224.94336,-11.588261,-120.2142,-6.74588,-130.41179,-93.16575,-65.32811,-76.62855,-24.0229,-334.2999,161.47772,53.673763,130
195,-185.13016,47.462776,16.23413,68.163605,-208.77963,-151.64633,-37.761932,148.5057,56.472755,-61.682415,-49.820534,-9.885582,8.942909,-223.57115,-14.470974,-118.45282,-9.213959,-133.39084,-91.896545,-66.60087,-76.736496,-24.719036,-332.30154,160.75742,53.46382,130
196,-180.62027,49.232185,21.397377,70.80669,-211.5897,-150.28207,-45.054066,148.1929,55.501167,-61.792282,-47.358395,-11.893105,8.76899,-219.34836,-12.887096,-115.99214,-10.616325,-129.00777,-92.80803,-63.911125,-81.39028,-26.83733,-328.786,162.89275,47.693123,130
197,-176.24738,45.25598,24.436974,67.06525,-215.9782,-151.81473,-53.300957,153.36597,51.61178,-64.18332,-42.875397,-11.413544,14.511948,-214.57726,-5.8917427,-114.25014,-12.595459,-133.47275,-101.28479,-64.379944,-84.23913,-30.808897,-328.7918,172.48254,46.03074,130
198,-178.50052,37.1393,22.209297,65.40338,-219.33113,-154.79852,-53.704803,152.75528,55.098713,-60.601357,-39.660408,-16.102188,12.715828,-220.75478,-10.483505,-116.05022,-13.229774,-130.66808,-102.47635,-62.832428,-90.72778,-32.129898,-329.43982,177.65265,51.427532,130
199,-175.67935,40.595863,19.33622,66.661354,-212.90327,-145.83067,-56.8425,155.67848,50.323406,-62.100365,-39.75893,-12.569691,10.539825,-220.05632,-11.624359,-113.47157,-16.367592,-130.97182,-97.67994,-60.892277,-84.39868,-36.084892,-327.2829,178.68782,47.83977,130
200,-176.84213,36.959164,22.140083,65.41808,-210.56265,-149.11356,-51.870235,150.55379,54.410637,-60.254932,-40.03938,-11.453743,10.554047,-221.16031,-17.122948,-116.374985,-12.418846,-128.9241,-102.60998,-59.378944,-84.289116,-29.990538,-324.98434,172.92029,50.798275,130
201,-169.70541,40.852394,31.533386,68.18085,-204.92471,-141.40373,-60.700195,150.02313,48.711617,-54.68183,-31.613478,-9.321075,3.7941437,-215.88606,-10.908234,-111.94513,-13.212822,-128.4859,-106.453354,-54.367992,-84.23328,-32.13433,-314.40192,176.56274,46.491383,130
202,-165.09148,38.416245,32.68387,68.3647,-201.09859,-134.86252,-55.982826,148.3716,47.96921,-52.196655,-26.810455,-11.330643,1.2667542,-216.46974,-16.836296,-113.8061,-13.08873,-132.74014,-104.27013,-58.7231,-82.691086,-34.829586,-316.642,174.46158,45.008537,130
203,-163.33008,46.24336,30.391205,67.86673,-198.10779,-128.92776,-60.477898,150.63812,42.477924,-59.70838,-23.153069,-12.576653,5.38089,-207.39386,-13.014034,-112.18839,-16.786621,-132.97102,-99.97974,-49.472885,-74.45404,-31.425571,-311.59332,167.45944,49.206364,130
204,-313.96655,93.95587,73.42457,122.97841,-422.03958,-177.3458,-30.54364,242.70403,69.79511,-96.11336,52.48803,-22.366364,81.2678,-169.35715,-39.415184,-131.3781,-34.381744,-273.6175,-58.44419,-162.37068,-105.49364,-54.117294,-523.5968,190.99028,123.86861,130
205,-160.78691,50.58087,32.196487,66.66861,-188.54497,-123.14256,-65.68738,149.23721,37.87928,-55.56052,-30.22085,-14.4276085,4.4873962,-197.02309,-8.9968605,-115.76581,-12.913795,-127.15144,-103.470535,-40.98902,-72.98215,-38.271545,-298.3218,161.92633,50.998447,130
206,-158.8794,56.248055,39.058945,61.44258,-199.02829,-123.858475,-68.04,152.77864,35.905693,-57.20897,-27.513739,-14.778587,8.166718,-192.84694,-2.9644241,-116.593895,-17.41795,-136.82962,-109.84398,-41.485542,-72.41047,-41.262836,-302.7613,167.37889,59.471073,130
207,-163.71318,53.647427,34.22267,62.586014,-194.25018,-119.20758,-63.0971,150.17902,34.54937,-59.633236,-31.71382,-15.32114,2.76783,-199.01173,-0.2753296,-122.07155,-13.246864,-132.38933,-101.72229,-39.769123,-67.42467,-37.100082,-306.1215,168.39444,54.44262,130
208,-166.36172,52.08122,30.64193,60.048157,-198.39862,-116.99184,-60.065865,148.35217,31.648499,-51.60185,-27.010344,-15.666962,0.90834045,-193.02606,1.831131,-122.51074,-15.296944,-135.9995,-102.33902,-36.73428,-68.556694,-43.59436,-303.4026,169.67514,56.207752,130
209,-166.27336,51.936806,31.893501,57.58625,-197.93288,-122.86606,-57.7368,148.01382,29.740047,-52.628716,-32.826958,-20.418354,3.4540863,-192.1691,-0.9448929,-124.29954,-17.2928,-136.6834,-103.58735,-35.411327,-65.50129,-47.818268,-305.16614,174.61928,54.202873,130
210,-165.87672,51.300888,33.817787,56.953964,-199.47697,-119.351074,-57.24621,151.66408,30.442463,-50.139793,-30.273706,-19.825462,0.3542328,-190.322,-3.262764,-125.63359,-16.915077,-139.28546,-102.68888,-39.348248,-62.88249,-45.070698,-302.83118,174.188,59.52399,130
211,-162.95372,46.998207,28.635048,56.727562,-193.15434,-120.156296,-61.685143,144.27605,31.371223,-48.580048,-40.025494,-22.200142,-0.80553436,-189.8725,-7.7730865,-125.87666,-15.396362,-138.15338,-103.074745,-34.04094,-63.3235,-51.237583,-303.96118,176.92673,57.736492,130
212,-161.61719,46.78898,34.53662,58.45282,-197.2674,-119.41962,-58.709152,137.26027,32.036793,-40.32694,-38.590527,-19.360863,-3.3869095,-185.14523,-5.331604,-125.63428,-12.825336,-135.13074,-102.556145,-35.017036,-65.74832,-51.787907,-300.63156,180.39767,57.947865,130
213,-162.98624,47.931293,37.43753,63.595642,-195.85617,-121.099266,-62.511192,139.41182,37.109566,-40.730824,-42.892166,-16.263268,-0.5167465,-186.91888,-2.4748383,-130.5795,-11.26939,-134.60857,-105.56535,-33.748833,-63.41026,-49.67435,-305.49045,182.00871,57.96423,130
214,-171.09218,45.47913,33.73844,61.070595,-204.47556,-121.97516,-58.048058,136.42577,36.48333,-39.201252,-42.07419,-17.75211,-1.2255249,-189.23114,-7.979477,-128.57588,-16.448772,-144.88669,-101.56174,-40.635674,-67.58858,-47.05386,-318.04492,188.7605,64.79596,130
215,-312.82355,85.156006,65.02942,113.80892,-426.75137,-182.87717,-34.464363,234.35602,63.28015,-95.84296,51.1248,-21.126953,77.78193,-160.0222,-23.030823,-134.74315,-45.736282,-261.2953,-52.50798,-145.4308,-107.494064,-58.49824,-502.474,200.66833,127.47241,130
216,-173.93462,44.176014,32.228462,62.550545,-201.73473,-124.28508,-53.535812,135.68411,34.01452,-41.13361,-37.7865,-16.612133,-1.4580383,-195.5005,-5.6913605,-125.9951,-18.407974,-142.93384,-100.14111,-40.9183,-70.42924,-44.8081,-318.33273,191.91151,63.151207,130
217,-179.82755,39.00022,32.855774,61.74713,-205.35997,-127.436554,-51.328545,135.15413,34.928814,-36.717773,-34.945793,-14.7366295,1.5746078,-206.54784,-13.680962,-129.45949,-18.958199,-144.45831,-97.26131,-49.178802,-74.98837,-44.12394,-316.71808,194.15347,73.28777,130
218,-187.62434,38.923714,32.145958,59.38536,-204.62543,-130.96863,-53.910347,135.21783,37.79298,-40.295853,-30.346188,-12.667801,-1.5254898,-206.97334,-14.06229,-127.76424,-18.878597,-143.1781,-91.99114,-48.186172,-77.14014,-41.24765,-317.7713,197.60211,77.44004,130
219,-189.37567,44.39125,25.213463,54.009323,-211.48776,-131.3545,-55.48973,135.61044,38.81616,-42.746983,-34.59443,-15.444195,1.520958,-201.00328,-10.341797,-129.59366,-18.444225,-143.54645,-91.91537,-46.50263,-71.1004,-43.93458,-328.398,199.74356,78.306274,130
220,-191.23502,42.076077,25.617188,60.29808,-206.19789,-134.5958,-59.254967,137.74808,43.88921,-41.80699,-32.512352,-19.71162,3.540039,-207.98924,-14.342663,-134.79645,-15.537331,-145.95264,-91.790405,-49.602776,-73.55728,-47.439774,-329.98785,201.90186,74.95549,130
221,-188.26572,47.956085,32.231873,64.42579,-202.67923,-135.37231,-63.520226,136.92471,46.607292,-38.625305,-38.82601,-16.436634,1.4930496,-197.29942,-7.2920303,-134.96722,-20.506271,-144.79123,-96.370346,-41.8992,-67.93825,-50.0955,-334.3614,204.43404,73.53651,130
222,-195.01642,47.1674,20.633064,56.237568,-211.55595,-131.468,-61.67106,144.15407,42.841427,-46.589264,-33.046154,-18.093426,3.4126816,-208.53543,-11.500912,-132.86113,-19.533264,-148.90552,-90.36142,-47.617428,-66.31951,-49.879272,-340.97025,203.25667,75.21337,130
223,-196.55936,52.543243,25.405396,61.56864,-217.06142,-132.61462,-67.544174,152.94969,49.942455,-43.66805,-35.824673,-16.725548,4.4629974,-207.70067,-15.356667,-136.34341,-18.056595,-149.51686,-91.66751,-53.610775,-66.472496,-51.948486,-345.37872,202.52002,76.81384,130
224,-198.32025,58.2931,25.105125,59.884365,-224.62991,-136.17029,-73.969444,162.70724,48.145645,-54.598392,-39.545826,-16.88675,7.3330383,-207.19159,-12.262199,-135.55434,-14.626305,-156.37286,-90.128235,-52.72168,-56.746307,-62.841187,-348.28876,203.80865,72.57998,130
225,-200.44658,59.385197,27.674469,57.681557,-228.69495,-140.97961,-78.28755,162.00954,50.054874,-51.29213,-39.037117,-16.305252,6.930908,-200.92065,-10.027298,-136.92491,-19.509407,-158.28185,-92.13257,-49.844185,-53.194973,-68.48729,-355.5304,208.22626,77.86496,130
226,-320.8553,78.984924,65.766014,123.994644,-421.95856,-181.8233,-32.57202,235.99518,73.158966,-99.14508,46.213448,-22.858665,75.23159,-169.78146,-44.1529,-131.75235,-20.171051,-262.03244,-70.547195,-151.06737,-102.81908,-52.147316,-520.6046,194.0369,136.44347,130
227,-198.04924,56.1603,34.88057,62.0066,-232.70908,-144.95102,-75.01061,167.34538,44.891167,-49.78094,-40.87398,-12.271137,3.1149597,-195.37727,-9.85524,-137.14651,-20.398338,-156.82188,-93.195564,-51.63231,-57.77204,-75.71776,-349.3713,204.05557,78.42279,130
228,-204.07942,59.29221,33.81662,56.18656,-243.29846,-139.24765,-77.43655,170.38063,44.405216,-54.46026,-30.215595,-9.050934,-1.5647659,-191.73285,-11.419315,-133.50453,-20.185822,-158.79431,-86.831535,-54.23214,-44.9325,-75.89992,-357.64,203.84358,76.17111,130
229,-197.18857,61.61091,33.604416,61.040344,-243.17383,-134.62202,-76.24894,170.11937,43.431984,-57.94059,-33.140503,-3.9619026,5.7273254,-186.85898,-8.252083,-137.76547,-18.534767,-163.25098,-89.7715,-57.286133,-36.665535,-74.14255,-368.72205,198.62764,72.746765,130
230,-198.30908,64.313614,30.874695,60.618233,-243.25366,-135.09924,-78.95103,169.154,44.40059,-61.274254,-34.794777,-11.422726,11.124252,-185.02878,-6.308197,-141.41985,-20.823898,-165.72105,-91.577644,-55.347206,-29.466812,-77.96314,-375.7446,201.43709,71.67713,130
231,-199.22298,68.82532,29.010323,59.122723,-248.48969,-138.58907,-78.56994,171.18414,46.811333,-66.99917,-34.373337,-16.642723,17.526077,-177.70387,-5.7176437,-144.62335,-22.975998,-172.20483,-90.62466,-61.302013,-25.356102,-82.346344,-385.1834,192.64032,76.87432,130
232,-201.19064,66.921875,36.406067,58.14466,-255.58247,-139.56674,-78.93676,173.5522,47.703224,-62.22558,-31.51729,-7.9833984,15.913788,-179.03287,-5.6361465,-146.3876,-21.188744,-172.94495,-95.39487,-67.5453,-32.740376,-73.43993,-385.37366,192.29532,86.19074,130
233,-203.00644,75.3513,33.729584,56.92527,-252.89551,-139.25612,-85.257675,175.56561,51.25499,-66.49898,-29.09502,-14.736065,21.005981,-170.61627,-3.5132294,-147.07803,-22.234604,-175.6654,-91.714645,-62.76122,-19.420956,-79.19429,-396.40247,192.52596,81.27948,130
234,-199.70427,72.299446,33.034668,58.046406,-257.27045,-142.86533,-90.18773,177.73062,51.477615,-72.73437,-30.874857,-19.926487,29.592453,-164.8519,-0.46691132,-149.39395,-30.12819,-177.30313,-90.31732,-58.253826,-20.329708,-86.0596,-400.7122,193.0141,80.337204,130
235,-200.31313,74.781425,32.018013,57.097054,-257.37915,-143.2875,-86.31443,173.95099,52.993153,-68.32502,-31.110031,-23.608463,25.754417,-163.11069,-0.033111572,-150.5091,-31.327248,-176.40892,-90.33287,-55.18124,-18.762436,-86.42004,-407.00244,190.6922,79.95703,130
236,-199.43018,74.610405,30.144943,54.737854,-254.33533,-142.56993,-91.356606,175.13757,52.849216,-74.68742,-29.28756,-27.110588,28.929955,-158.51048,4.009506,-147.73932,-36.268143,-176.60239,-88.705055,-48.92406,-12.924171,-85.349686,-408.53064,188.5982,77.297844,130
237,-325.49088,74.77121,61.49205,120.01134,-429.97784,-183.70319,-32.031387,233.51895,75.70012,-96.98129,45.93293,-26.157372,73.898544,-176.47882,-42.173683,-140.1496,-21.283173,-257.38422,-67.3082,-149.18271,-102.1377,-52.851498,-528.609,197.147,138.14658,130
238,-207.93332,76.130684,28.932,58.708195,-254.95033,-140.29784,-94.85167,172.54924,56.37848,-72.473465,-33.028324,-33.45823,35.84104,-158.42401,0.43788147,-149.93695,-35.80899,-180.93343,-87.33664,-49.459457,-14.063412,-87.903015,-423.18054,189.42796,77.44635,130
239,-213.899,77.319695,21.885483,62.544014,-257.19635,-135.62737,-86.621185,175.74449,49.522545,-70.84613,-35.775425,-33.196285,36.190666,-162.41217,-9.812134,-148.1713,-35.92626,-182.38649,-84.99829,-58.470253,-23.902958,-83.19401,-422.5115,182.41504,81.01062,130
240,-221.3561,82.40553,23.962029,65.10089,-265.86105,-139.99973,-87.2861,180.33784,51.645763,-74.921684,-33.904743,-29.851028,24.445816,-174.0679,-16.693405,-149.39117,-38.41713,-177.25018,-83.865944,-61.795326,-25.286083,-82.00153,-433.95978,183.5171,75.50566,130
241,-216.9694,84.38205,28.753616,67.38563,-270.21707,-142.2695,-89.528885,173.70538,51.789234,-75.12039,-33.74424,-33.78954,27.57212,-170.19928,-13.477394,-154.32307,-40.809273,-178.87665,-91.69496,-60.786423,-20.680317,-84.698425,-443.24893,185.49437,77.64667,130
242,-223.63924,90.140625,20.489998,68.64243,-267.55374,-143.79167,-92.61221,174.21524,56.08544,-81.948456,-30.885498,-45.754498,33.267548,-174.52759,-8.109581,-157.56026,-46.10341,-183.39972,-82.47487,-51.2967,-13.06461,-88.300995,-461.2633,188.32407,74.29029,130
243,-219.74702,87.55363,17.88488,71.159424,-265.46484,-142.17104,-75.5592,174.66946,45.278584,-71.3719,-30.42007,-22.665985,32.54754,-177.18387,-26.20626,-147.14745,-37.926506,-181.66713,-84.50713,-75.72356,-31.848812,-66.00681,-445.29834,176.9212,86.12348,130
244,-220.08044,96.88643,21.721619,78.63299,-263.92023,-136.2526,-81.66319,175.18861,49.354904,-74.937195,-33.257698,-24.971107,31.199394,-169.56213,-26.894585,-149.06308,-39.75116,-182.88354,-87.84569,-72.321,-28.539001,-72.65734,-451.96942,177.30545,74.991425,130
245,-223.2538,98.104675,20.93917,79.95947,-260.09076,-139.10811,-82.0177,176.16187,54.343044,-83.73282,-31.801277,-25.208878,31.798103,-173.04741,-30.541527,-149.6507,-44.660957,-186.49521,-85.7547,-76.475784,-29.838348,-72.64139,-459.66898,183.3859,67.35127,130
246,-224.65472,91.64717,15.821518,78.87596,-268.1015,-142.5784,-67.58042,180.71716,47.23477,-70.51188,-29.13551,-13.263401,31.119392,-188.8223,-44.799038,-149.4269,-42.20472,-190.84045,-85.0356,-94.32872,-43.325222,-56.073463,-459.8425,176.67035,75.76189,130
247,-222.56662,92.084076,21.156479,78.27673,-273.9244,-139.48013,-72.702675,185.9078,49.51874,-72.88999,-25.265686,-10.866798,29.600029,-193.11203,-45.256245,-150.23108,-44.231766,-187.48817,-82.227554,-93.8214,-45.2419,-59.09147,-459.7387,179.54617,72.24835,130
248,-315.16104,77.04982,60.692368,120.465355,-428.5404,-182.09418,-33.389603,228.69821,76.171844,-96.66441,44.815796,-29.629433,72.923744,-172.04047,-40.834282,-141.80814,-19.710693,-259.05948,-67.33621,-137.9602,-105.480576,-52.330093,-516.5829,190.18103,134.64128,130
249,-222.883,90.33229,21.264496,79.96609,-280.0792,-140.77032,-69.60753,182.6218,56.951923,-65.68654,-27.912193,-6.2204895,27.884064,-203.92303,-51.798225,-150.86774,-36.471954,-189.42151,-85.54181,-101.96912,-48.43699,-51.032196,-470.2931,179.27826,73.51933,130
250,-221.04782,88.44603,14.946945,78.50574,-280.93588,-135.55318,-63.595184,181.89665,52.80973,-60.888535,-25.080578,-2.4253922,27.3265,-205.25299,-56.35228,-145.99179,-37.027466,-191.53598,-81.21332,-115.386505,-56.068245,-48.287422,-468.28113,177.81189,76.52584,130
251,-224.7281,79.445816,10.633789,77.03351,-282.47925,-136.69357,-54.471184,184.50717,49.341896,-54.11964,-26.476715,1.4413834,25.538025,-216.41174,-63.633503,-145.30359,-28.688759,-194.237,-78.77257,-120.89715,-59.466286,-42.205235,-465.09845,173.69589,80.34378,130
252,-229.22977,79.802155,21.052223,81.922035,-285.00565,-143.55301,-58.357605,190.83853,53.254578,-51.47848,-28.080257,8.134621,24.544868,-218.18594,-59.643425,-147.91748,-27.25193,-199.45561,-84.10061,-127.86399,-62.908585,-44.37765,-475.86856,180.5148,81.63495,130
253,-238.48407,79.6978,16.190285,83.46506,-291.8246,-141.65189,-49.218216,188.68033,51.000008,-43.509045,-25.829666,10.561169,25.895203,-221.09885,-76.71011,-150.54169,-20.90757,-202.28154,-81.52579,-144.20914,-78.66909,-36.88174,-488.23364,180.27484,84.27232,130
254,-228.39041,105.39259,22.627365,60.54828,-293.18607,-141.16467,-96.55667,177.85901,45.812122,-87.1794,-18.567764,-26.127335,27.620811,-171.6481,-18.749939,-149.97066,-50.000008,-192.94617,-71.33629,-64.4346,-22.78164,-81.52055,-459.01135,203.74316,87.12049,130
255,-246.67516,77.94121,5.862732,86.4683,-297.71106,-135.16245,-44.884033,183.43314,45.601532,-44.471046,-15.726536,5.359459,30.224129,-224.31215,-76.69422,-153.58813,-20.306595,-202.98807,-76.201004,-147.43924,-88.77208,-29.095325,-501.94495,187.37076,75.59014,130
256,-246.05031,85.0905,4.2761993,83.252304,-301.41724,-126.03421,-45.456467,179.86148,42.53533,-54.693947,-7.039093,0.80610657,37.26998,-211.24367,-73.71843,-154.26056,-27.299873,-199.75531,-69.13096,-143.64697,-89.422485,-32.124424,-501.8852,180.17245,71.58956,130
257,-246.45694,87.83325,7.380661,85.27379,-308.78693,-125.61011,-46.422165,178.98277,43.41868,-55.906452,0.82967377,5.5284348,44.283646,-205.15753,-74.27666,-157.04765,-27.88765,-202.99751,-69.901886,-146.14981,-96.31334,-27.528847,-507.58673,186.1942,77.068184,130
258,-255.61873,93.732086,4.9636917,87.60208,-314.29758,-125.53573,-43.536026,179.71027,40.897686,-59.177273,2.153267,4.9953613,44.06781,-196.16803,-67.82413,-152.78265,-31.730019,-206.35385,-60.779076,-150.04317,-91.59385,-31.366571,-514.0647,180.01553,77.73818,130
259,-313.99564,75.727325,54.617294,117.60715,-427.87866,-191.95612,-37.812912,223.41142,72.8453,-95.61062,45.524307,-25.663246,76.15692,-167.9934,-34.46724,-145.32109,-23.986328,-251.93863,-65.680374,-131.88199,-106.06927,-53.004974,-514.88617,188.1662,133.46127,130
260,-256.2628,91.64867,6.6333313,83.521805,-308.99878,-124.156136,-39.78858,182.36986,39.661224,-61.248577,7.6991844,3.5888062,42.38662,-189.5018,-65.10347,-153.37451,-43.47171,-204.83044,-57.428726,-141.32051,-90.786385,-34.739983,-512.8681,177.37474,83.34026,130
261,-261.34357,91.39452,12.5849,85.527176,-312.8506,-123.26092,-53.64878,184.33643,39.440662,-69.854675,15.159725,5.565445,49.307182,-178.15959,-52.536697,-146.18536,-45.80008,-203.19359,-52.430443,-132.04126,-88.05286,-45.95578,-509.29633,190.202,81.28398,130
262,-275.39432,89.05887,19.170898,91.60208,-326.6248,-128.52338,-49.473053,193.86626,37.68667,-73.55075,30.790676,4.2273254,55.255325,-182.67441,-45.13866,-142.9202,-50.91574,-210.47603,-45.81581,-146.10538,-90.90164,-42.570923,-518.8766,206.20679,85.83032,130
263,-278.6145,90.17711,25.947433,86.96005,-327.3197,-131.43738,-51.5468,197.40652,39.93495,-69.52329,29.754444,3.823761,56.90731,-184.35019,-43.55045,-142.7442,-50.89904,-208.70789,-48.31434,-142.15085,-87.34287,-45.602974,-512.32434,206.50726,88.13274,130
264,-274.1129,97.46965,36.748672,93.33345,-330.8164,-130.17932,-59.632812,194.25238,44.03251,-76.51229,28.271927,-0.4226532,59.429535,-164.09314,-37.586185,-139.62605,-60.871605,-208.7735,-44.835464,-140.58717,-82.48657,-55.86771,-511.51523,216.70169,84.82542,130
265,-264.63214,98.15718,45.479523,93.31499,-344.68512,-130.41724,-63.938713,200.87695,43.96443,-75.27893,37.703995,1.6035156,60.244625,-149.47662,-25.562027,-137.7903,-64.87088,-214.86662,-48.91452,-132.45273,-83.11954,-66.63051,-502.28784,213.61365,89.48518,130
266,-259.3876,93.513596,45.170746,91.714066,-343.75256,-130.58182,-60.47972,196.96829,39.48256,-71.46872,34.1873,-1.6495743,58.964066,-145.63808,-27.573174,-140.36171,-63.839706,-217.88185,-48.34572,-132.52519,-84.62201,-67.13115,-498.93527,208.02502,91.795555,130
267,-260.21265,81.52105,36.86734,105.451454,-347.2162,-147.84122,-82.80588,167.00397,-4.625473,-98.56606,28.598076,-17.61744,43.681793,-127.66017,-2.2371902,-126.08535,-81.69243,-205.3072,-12.119583,-90.95197,-54.68437,-73.938866,-445.49005,243.64651,84.406395,130
268,-251.36292,97.8711,55.53946,101.190926,-360.26514,-139.19382,-57.7563,199.54259,40.31024,-72.60994,38.12008,-3.4175491,66.406364,-131.64325,-24.156082,-143.69655,-61.733215,-219.7034,-46.38703,-137.21115,-93.45961,-67.80341,-491.13718,192.74406,83.41829,130
269,-245.60657,94.83563,58.997658,97.32758,-351.62338,-138.41428,-57.469086,198.01076,37.86744,-73.55347,40.618282,-1.9065781,64.35935,-129.16444,-21.43003,-135.13806,-66.41124,-222.57648,-41.772552,-132.99661,-92.78964,-69.780235,-488.20325,192.13254,85.21247,130
270,-323.14993,69.151245,52.182137,126.98268,-428.45325,-184.97377,-28.310486,225.02873,78.64095,-87.122,49.671654,-27.135376,62.79573,-184.28711,-38.58728,-149.37961,-10.937126,-258.64978,-68.44104,-143.70111,-112.34625,-30.864801,-524.40625,186.3747,138.23923,130
271,-294.7118,99.015594,68.020615,120.68031,-441.87695,-176.0747,-53.807022,209.34796,34.088814,-115.25926,50.03968,-52.20441,103.7252,-132.7236,-11.158211,-157.43729,-72.35193,-236.63695,-17.192612,-121.05497,-101.328255,-65.99983,-503.0586,214.32715,105.69689,130
272,-247.97804,93.2553,64.181206,97.903305,-351.96564,-140.77759,-57.883698,203.3503,36.81005,-75.34317,40.37648,-0.7279053,64.44017,-124.680786,-21.302277,-136.7414,-65.68518,-222.45938,-44.04927,-133.34988,-88.75093,-72.24316,-482.65347,193.47145,84.38021,130
273,-246.96191,90.4772,69.61397,95.80112,-350.7829,-150.11774,-56.177475,205.00713,35.426064,-78.65969,49.127598,-0.9835663,65.33676,-119.66656,-30.689796,-133.19307,-64.78751,-223.92665,-37.371025,-133.85594,-94.9191,-78.228035,-476.53326,185.60455,81.21494,130
274,-250.55583,92.55735,67.03477,103.02829,-353.99994,-150.24454,-54.44571,204.56369,38.184402,-77.1428,41.407402,-4.2832794,59.93455,-118.8361,-39.7869,-137.24069,-62.769646,-224.67244,-39.362206,-139.11575,-97.11224,-75.76288,-483.70203,186.33157,84.49812,130
275,-245.57874,87.950226,56.244247,102.03299,-344.0575,-144.80078,-56.832535,211.22348,38.292816,-77.28817,37.389297,-12.532757,54.968292,-125.9519,-43.18668,-139.48013,-58.37172,-231.73071,-49.926758,-133.99,-96.77013,-71.39918,-486.412,182.98433,89.83924,130
276,-257.09534,91.54631,66.40737,104.20869,-351.68686,-155.89905,-62.859238,192.94815,34.25612,-87.93963,42.841057,-14.125439,67.56604,-113.440216,-34.88473,-138.84256,-70.0387,-220.34181,-35.24272,-123.77312,-93.03203,-79.38335,-494.56833,195.87584,88.4906,130
277,-254.55197,91.25861,59.877014,106.125175,-342.53055,-153.56476,-60.205597,194.83575,26.769325,-89.89392,45.42652,-19.870186,68.35365,-117.1439,-34.890694,-137.17603,-59.484352,-223.57802,-34.261612,-118.86838,-90.96092,-73.16023,-485.51212,190.72874,85.51044,130
278,-257.49246,94.01335,66.76715,111.69383,-343.20404,-148.13708,-61.454147,193.35123,25.537804,-87.638626,40.3914,-22.417847,62.874096,-121.027534,-38.816124,-136.86253,-61.005463,-222.14487,-39.79274,-118.16649,-88.280975,-73.64314,-491.38074,191.68633,89.28023,130
279,-261.45258,91.81034,68.59801,113.69596,-348.87976,-151.57048,-66.102066,189.70416,22.003525,-91.88213,37.907833,-24.41869,64.18765,-117.22232,-36.773582,-144.39647,-65.83288,-216.54865,-37.994774,-117.78192,-87.74347,-76.43838,-498.06488,197.71182,92.43519,130
280,-265.66052,102.13135,60.987976,114.16002,-352.31818,-149.485,-65.53992,191.31258,21.377296,-85.66352,42.806156,-26.581078,69.07449,-119.22563,-37.18586,-150.85242,-50.919952,-214.95177,-41.099907,-112.853516,-85.09324,-67.786415,-511.89764,191.6035,88.53625,130
281,-257.816,92.017975,72.535385,101.22861,-370.25824,-162.90143,-86.41107,188.65256,1.2504883,-115.78226,55.40307,-3.1193695,81.145584,-98.855515,-3.236557,-128.39253,-98.07611,-215.30319,-10.633575,-99.55501,-72.013954,-85.77533,-450.09573,216.16138,94.32024,130
282,-331.22873,66.38867,51.358612,124.742905,-431.7415,-192.92511,-25.358185,223.40681,75.18588,-80.175804,51.78515,-18.438644,56.446114,-186.632,-31.880997,-149.93816,-12.557808,-257.13684,-61.97647,-144.01076,-116.93523,-24.03219,-527.0711,192.8031,144.17337,130
283,-266.23972,102.53494,58.668488,115.67355,-364.9397,-151.67624,-67.90977,190.8455,19.218933,-87.02985,47.564125,-28.208672,72.48761,-119.8315,-27.81882,-153.97914,-55.06859,-211.98648,-37.24478,-111.62419,-80.52952,-64.07476,-509.66907,196.1093,83.3537,130
284,-270.82684,102.00719,58.23085,121.52248,-367.78314,-153.21533,-66.01635,189.9779,17.12236,-85.323364,52.068317,-28.6493,70.34592,-128.8379,-28.054958,-151.17352,-54.860588,-213.98798,-39.5438,-116.77693,-87.4216,-59.355614,-507.29468,197.09677,85.91447,130
285,-278.24905,104.580536,56.39862,122.026794,-388.10617,-159.83649,-68.02046,190.60318,20.162125,-86.412735,54.777664,-30.3723,74.50256,-130.61111,-20.120308,-151.65948,-57.119553,-216.06387,-37.36888,-120.0309,-91.566284,-55.8851,-514.5869,205.70367,89.38481,130
286,-273.1327,104.190506,51.94442,115.97821,-386.5113,-157.75674,-68.89787,187.71048,19.281517,-89.70155,56.496628,-33.35726,76.747086,-126.826195,-22.841812,-150.47554,-48.3687,-209.81828,-38.032974,-110.110016,-87.19493,-56.347713,-511.89685,203.60233,86.06475,130
287,-275.88898,98.69025,57.58972,111.96074,-397.53137,-162.25833,-70.398964,183.79993,17.827438,-95.61501,58.27932,-31.221146,84.96251,-124.2791,-13.239014,-151.14859,-64.67951,-209.43607,-20.86023,-105.35231,-89.91915,-60.501644,-506.63098,211.15945,88.22694,130
288,-279.03387,99.7388,55.44474,115.17563,-404.69714,-160.04477,-66.738365,185.65741,11.581963,-99.3539,61.362892,-41.06878,87.91504,-125.43309,-10.131752,-150.02899,-65.73822,-211.83026,-15.58696,-104.96178,-91.45891,-59.289555,-500.5296,214.23865,85.63991,130
289,-341.16043,61.573074,44.728683,127.48236,-426.36652,-189.58447,-20.435593,227.9987,75.655785,-71.886955,45.87394,-23.333817,48.407356,-203.93951,-33.562813,-154.30602,-3.199791,-258.91547,-62.891113,-148.08446,-115.46497,-15.434851,-533.3685,198.59477,151.6216,130
290,-342.14392,61.310097,43.477448,126.98094,-424.6066,-192.08899,-24.236053,227.84335,75.18555,-72.92129,49.894108,-18.44416,51.460915,-199.06775,-25.365105,-152.90303,-4.594513,-262.46155,-60.63861,-145.25597,-112.24564,-13.616425,-529.8904,202.54324,154.86478,130
291,-307.8942,71.992966,44.408386,91.56511,-422.75854,-230.79895,-70.24693,193.75641,48.905876,-92.75579,77.397545,-5.5337067,72.60361,-162.64134,7.684387,-131.8495,-53.6725,-207.0256,-35.465027,-107.15222,-118.09234,-52.240517,-464.97327,203.71231,162.17157,130
292,-343.7133,42.094124,47.68757,129.49327,-422.68893,-193.48459,-22.27327,252.78943,88.25637,-45.353794,47.72612,5.947281,33.015884,-232.77917,-35.08999,-145.22043,7.7331924,-263.01483,-69.830444,-185.17621,-126.625,3.8239384,-535.73596,202.58975,172.72958,130
293,-344.66058,44.675232,48.65631,125.83509,-415.64868,-198.82533,-22.958725,252.71802,85.99782,-43.72527,48.152668,8.890488,40.520645,-229.8274,-29.943146,-145.66792,8.658203,-257.68622,-63.90732,-188.66571,-128.9456,5.296774,-534.5939,198.63545,173.99387,130
294,-338.2187,46.204742,53.614883,131.71562,-405.87814,-190.02434,-19.704575,249.2645,88.27201,-40.774254,42.373096,4.7760544,31.868896,-230.51775,-36.748283,-142.95172,5.2803116,-266.01782,-63.085373,-189.08324,-129.77782,8.876484,-526.27527,201.49675,175.51753,130
295,-330.92273,51.952293,61.360367,135.68523,-405.91873,-183.14865,-19.94352,244.30331,94.124626,-47.776516,42.47771,0.97515106,28.751244,-222.40036,-35.94629,-142.1189,-0.879509,-267.61584,-65.45007,-188.78084,-127.17598,2.9502583,-525.71606,198.799,165.68356,130
296,-323.46924,61.563034,61.72892,129.78362,-391.8083,-176.6513,-18.447754,235.3191,93.232544,-50.767124,37.688095,-6.612053,31.300507,-216.31647,-37.13514,-144.08801,-0.5471649,-263.3736,-59.34996,-182.86772,-128.1547,4.014694,-514.90295,191.38698,159.77411,130
297,-325.0692,54.752594,60.14627,135.57535,-389.0807,-173.76892,-12.226944,239.69424,99.9703,-44.699356,29.297302,-1.2166061,23.311089,-220.11876,-45.15087,-150.09818,2.0720673,-264.3943,-56.23474,-192.81458,-131.68205,7.17585,-522.30536,186.38464,162.94781,130
298,-287.05505,100.47398,72.63961,123.539536,-430.6999,-175.9248,-52.70529,211.1083,33.451073,-120.02397,48.222244,-51.68875,96.74346,-131.51666,-10.790413,-152.03275,-79.03078,-241.35089,-14.868439,-116.73572,-102.10205,-65.58589,-494.9663,209.9338,103.26402,130
299,-327.43207,52.48443,55.313416,129.80386,-388.81903,-174.85297,-7.5410614,245.72304,101.399086,-43.065468,26.62614,0.1220932,17.248398,-224.5882,-46.91897,-153.32672,-0.8241272,-263.0883,-47.494095,-194.08768,-128.17625,8.655409,-532.93066,183.73016,169.7138,130
300,-323.24213,45.60675,59.357925,135.25179,-387.27908,-172.75943,0.72294617,250.56879,105.03419,-43.260506,20.163387,5.3744354,10.672012,-234.59746,-50.94744,-156.57883,-12.167435,-267.10373,-47.816315,-202.62057,-132.11992,15.178863,-547.8898,183.65698,167.64389,130
301,-294.8994,61.325737,70.2253,127.88396,-405.74414,-171.3661,-8.443054,225.60275,104.45952,-66.73207,21.952175,-2.9734879,21.31437,-197.83415,-30.070534,-158.92093,-28.681747,-262.35352,-59.410706,-163.09125,-115.0711,-0.367445,-534.9594,186.69394,137.5337,130
302,-296.231,53.23783,60.89599,128.75426,-398.7795,-170.37732,-9.183739,231.14955,102.36219,-61.76665,15.834911,-0.007751465,20.151047,-200.24371,-36.57362,-158.60901,-26.693382,-262.53497,-56.29238,-164.14418,-116.89835,1.368803,-527.127,181.30534,140.08093,130
303,-310.53482,42.020844,57.768707,134.61697,-399.86713,-175.8522,0.2766266,239.76526,112.34941,-53.041176,5.217266,0.7244415,16.265343,-217.10867,-52.42717,-169.71423,-25.446014,-263.39005,-56.1904,-190.40213,-116.63694,8.676377,-548.83185,179.81592,161.61716,130
304,-255.83948,77.34658,70.269585,94.50492,-386.22314,-217.4378,-72.35904,179.58572,59.1632,-86.52756,34.982155,14.15406,51.725624,-142.14568,17.626762,-126.53768,-69.33878,-215.62506,-51.698044,-89.26671,-104.52658,-57.347443,-453.14996,178.93416,153.9674,130
305,-317.38605,42.77545,55.63153,131.37604,-408.8209,-186.50781,-3.8886719,242.40834,116.93025,-48.096607,10.36129,-10.494392,23.771408,-227.82285,-50.260612,-172.06657,-32.703117,-253.46948,-57.558014,-185.32312,-123.58298,11.656397,-554.68445,196.18704,170.56372,130
306,-316.32486,48.025932,59.02092,133.72484,-409.84763,-187.10611,-3.2095795,245.3007,118.732185,-43.245678,8.507977,-5.4693375,30.79197,-227.31299,-53.074852,-173.91225,-34.797928,-258.95383,-60.57074,-196.03339,-130.14511,8.95332,-557.0989,201.31464,177.1513,130
307,-319.98734,47.202812,58.97425,141.86783,-410.8097,-183.67148,-1.9951782,253.62321,118.799416,-41.89239,4.7222824,-1.2541122,27.694061,-235.16574,-57.064213,-174.8048,-31.965775,-261.18045,-66.94562,-200.81647,-129.59882,15.462607,-565.3784,206.39127,174.70241,130
308,-309.6311,52.12863,64.43518,141.327,-415.5783,-188.44583,-3.0770721,242.93153,110.07564,-51.578506,7.3085556,9.6594925,35.516327,-222.88434,-50.89186,-169.5433,-41.041786,-257.82654,-70.28787,-194.22415,-132.62006,6.544757,-553.9872,208.7349,166.96786,130
309,-294.88953,97.991516,71.229904,123.62861,-426.77994,-172.64218,-47.88009,221.05573,36.43567,-118.228905,51.80291,-58.954117,97.33451,-143.28503,-15.012024,-149.9821,-79.68318,-249.40747,-19.40094,-120.70508,-108.4041,-62.737663,-497.3937,206.12631,107.4158,130
310,-308.578,63.329155,80.569,148.2923,-418.67297,-185.55841,-4.750763,247.2923,104.65668,-58.305508,17.020363,8.222588,42.19703,-224.23547,-50.824387,-167.63626,-42.931404,-263.80713,-77.405785,-197.45427,-143.0918,4.4217663,-551.5078,220.69821,159.23907,130
311,-312.8931,44.113167,92.13698,169.999,-398.16962,-184.10837,13.812714,285.97513,120.80593,-22.40134,5.313965,25.727608,23.01075,-244.27664,-87.375916,-173.62701,-22.162537,-267.21054,-95.23101,-257.7866,-156.1372,24.808208,-550.9275,202.36673,164.99329,130
312,-313.46045,46.827026,85.667496,172.61087,-397.2423,-177.943,14.25766,276.05518,111.32844,-22.801231,6.468338,22.663055,25.817917,-238.75087,-86.34416,-174.84615,-17.360382,-274.4925,-96.043495,-255.3472,-152.82294,28.673784,-545.7822,209.3812,168.47438,130
313,-302.77402,45.28251,99.898636,179.07506,-387.33307,-182.05267,24.717903,281.58337,108.4915,-20.584846,10.583427,41.251102,17.998276,-227.70546,-90.07732,-166.67589,-19.344337,-271.4838,-96.46005,-263.84747,-151.64062,28.05107,-516.48944,196.71054,171.96594,130
314,-304.5062,37.572945,116.46736,189.04662,-391.4373,-188.01581,38.457047,300.55997,117.20375,-28.203297,18.461594,51.801785,16.56485,-238.3516,-99.039246,-159.84213,-14.654663,-277.50452,-100.4276,-297.61136,-159.85855,36.469517,-514.9879,193.35838,175.76369,130
315,-298.37015,30.5242,127.32434,200.56912,-379.15167,-196.53046,50.412987,312.09442,124.37938,-25.151695,27.984768,58.86966,3.9615402,-242.33948,-105.59955,-149.23398,-19.831146,-274.2215,-100.5789,-319.51093,-170.09665,48.162903,-501.97226,180.50938,173.80388,130
316,-298.28278,23.278587,126.08897,211.1016,-375.12686,-206.84543,64.03705,320.76483,138.13681,-13.420708,30.27903,65.68258,-3.4513092,-241.77652,-122.1982,-149.16597,-16.202438,-277.11578,-100.0892,-354.009,-187.51314,63.848007,-497.55286,161.17953,180.98456,130
317,-278.03036,59.17469,120.7272,192.86514,-379.64233,-202.06647,15.519608,275.1222,94.59725,-55.684654,21.368195,61.663795,12.468163,-223.29282,-72.39397,-142.15639,-48.52059,-253.09326,-87.908226,-238.25735,-156.40625,5.503414,-489.3153,208.5595,157.73235,130
318,-295.43494,30.848412,122.87599,207.84888,-367.95233,-216.43567,64.405975,308.44168,144.37378,-27.420464,13.427589,67.457115,4.620468,-244.83968,-123.65521,-150.77327,-27.617645,-267.5825,-100.89534,-327.26105,-195.4135,33.352936,-478.8447,150.16962,176.91113,130
319,-294.16528,19.53146,119.71067,201.64272,-379.641,-213.34421,56.135376,308.65158,136.19562,-16.904762,17.813065,67.361145,-3.6844025,-235.87909,-116.29811,-154.26482,-26.821838,-268.38553,-98.22839,-320.59192,-191.12726,38.325855,-483.27905,153.88728,184.80647,130
320,-298.87183,98.77209,82.218575,121.191284,-440.11688,-185.0271,-49.407074,222.98404,45.102913,-124.82766,55.98408,-47.81269,99.60248,-145.58926,-7.0211945,-148.52513,-98.51854,-249.96942,-16.262848,-126.0365,-114.5993,-64.285095,-498.6056,216.8005,105.18693,130
321,-302.43018,17.473946,113.47613,205.97656,-379.0242,-206.59915,59.531754,315.68326,138.25237,-14.191727,19.889977,62.41638,1.2799072,-242.20676,-120.71889,-160.67036,-22.664696,-272.67755,-91.56033,-327.42792,-193.95152,35.98987,-492.96335,149.28476,189.11925,130
322,-304.56424,19.211716,110.13567,200.09018,-388.23306,-195.57957,53.46737,303.06262,134.08966,-13.118599,26.260063,63.133286,8.230446,-235.81128,-103.036285,-158.64719,-29.317833,-268.28534,-82.617874,-311.69177,-188.7977,20.253117,-497.78995,163.54027,183.69812,130
323,-313.8651,21.844482,114.85879,197.11337,-401.8757,-195.09793,49.215874,308.47382,135.2615,-19.210945,27.730232,65.464676,5.515564,-238.98286,-92.38339,-160.75012,-36.49636,-272.9029,-87.4328,-301.01614,-192.82834,9.262884,-512.5759,176.41507,180.49625,130
324,-318.93713,10.356178,113.01483,185.50137,-398.20447,-197.80508,44.049812,311.36557,141.02914,-17.81697,29.742943,67.691315,0.19182587,-236.8339,-87.83874,-157.81476,-39.80008,-272.29218,-84.62805,-298.95343,-187.65794,10.109724,-511.98846,175.8035,187.42165,130
325,-312.1817,17.013184,120.20711,197.3917,-401.80966,-205.15659,45.391083,299.36102,135.63516,-21.06308,25.064064,68.74991,-4.9388123,-227.01062,-89.756645,-165.28706,-40.944794,-262.08893,-86.22235,-283.17657,-187.02243,8.801611,-520.0061,177.8482,180.87251,130
326,-301.23172,37.065083,112.43918,212.16925,-387.4057,-209.96452,34.36006,280.80392,134.63281,-22.120071,23.008194,65.52307,-0.70396423,-219.01236,-95.738335,-170.56848,-26.341965,-258.17975,-80.61098,-277.58542,-191.33063,16.150131,-524.75916,169.54248,166.68585,130
327,-307.11133,47.14071,95.80188,215.93465,-376.01025,-213.30908,38.189224,271.98807,144.64,-23.441616,24.39244,57.39334,5.0313416,-219.85086,-103.10115,-177.39365,-14.537216,-259.26093,-71.53978,-279.16632,-182.70343,24.198368,-530.90326,161.51762,170.73543,130
328,-299.21942,43.19967,95.7242,215.02277,-382.1953,-216.80418,45.044266,270.60535,145.78317,-26.055676,24.031258,58.887745,0.21646881,-224.41563,-102.48145,-171.48878,-17.430328,-258.13525,-73.79881,-274.22617,-176.18309,29.922598,-531.46204,159.59274,174.58043,130
329,-297.39542,51.447407,96.752,214.88211,-386.30435,-222.93816,44.716904,264.61606,134.37775,-32.37557,20.470413,59.704617,1.1017456,-222.17111,-105.86944,-174.57025,-20.71128,-246.84827,-71.50156,-255.1211,-164.8151,21.948912,-541.28235,159.33217,177.2378,130
330,-291.4178,60.540215,91.973366,207.49738,-402.91086,-227.45251,34.243317,241.0253,127.82382,-70.69679,11.982796,44.1485,7.9659805,-233.09229,-100.84923,-167.78981,-32.82952,-251.24817,-67.69502,-229.22258,-151.10994,-2.7978992,-559.75653,168.35776,162.7483,130
331,-299.67163,98.47556,80.88105,130.00833,-434.87463,-181.28363,-45.039307,223.06427,42.624306,-114.95545,53.60385,-49.633507,98.52967,-149.30739,-19.083542,-149.36914,-80.77235,-252.40276,-23.06485,-128.82086,-121.52669,-63.83044,-503.8621,204.55013,108.911705,130
332,-291.3038,48.121174,89.57457,217.08946,-403.03308,-224.7729,47.007355,242.20126,136.81711,-40.220222,16.823105,54.417465,-2.2958984,-250.60953,-102.722,-171.80527,-28.062317,-262.7407,-67.89734,-265.63397,-176.1359,29.386703,-564.05444,162.24435,154.15639,130
333,-289.32245,44.65643,80.285095,206.9414,-405.89615,-228.41182,37.94349,229.20094,142.141,-51.761974,5.5849,36.95665,7.8302307,-255.96167,-93.39855,-172.55293,-29.887596,-263.93542,-71.594086,-244.28821,-168.35715,21.214855,-580.1703,168.39575,152.33827,130
334,-297.15817,41.633053,76.2621,205.22179,-424.2109,-227.49623,46.109573,226.78546,143.70477,-53.806343,13.316399,33.653847,12.390274,-270.31244,-96.1247,-175.6666,-31.653183,-275.78583,-68.73947,-260.2711,-178.53052,26.0479,-608.17975,177.60132,158.86288,130
335,-303.14795,29.811935,71.36145,195.14621,-420.43546,-233.13768,37.264038,221.83551,139.71626,-58.850266,0.9842682,24.565392,12.411942,-269.42062,-85.410355,-176.04382,-33.755013,-271.8049,-73.54646,-233.5083,-160.00046,17.917885,-614.93555,184.7282,162.7886,130
336,-299.17834,38.54448,61.73034,193.66888,-414.10873,-229.45651,34.786835,211.59698,146.16296,-62.73089,0.0044021606,16.30523,27.223587,-264.58844,-84.24575,-181.84549,-33.672943,-274.53333,-70.59874,-238.11664,-158.77182,18.540012,-610.8722,184.31296,153.60846,130
337,-298.80304,30.120468,64.08511,186.17316,-405.2641,-218.78532,36.29753,217.43542,137.7204,-60.633526,4.104454,17.888649,22.73236,-260.14926,-81.80808,-179.7052,-33.76506,-268.82617,-67.01814,-233.15729,-147.9482,19.27078,-609.0082,183.77005,153.96774,130
338,-308.17566,22.291801,72.50815,174.72331,-405.34662,-217.31267,44.759537,223.537,139.32724,-64.32437,3.3887482,20.659874,19.419655,-264.55615,-97.71707,-186.64655,-41.552345,-259.40356,-60.42668,-239.80191,-147.04602,19.095478,-621.53625,181.29724,163.52272,130
339,-301.3097,25.85202,77.00772,187.53207,-395.73404,-211.51003,49.003212,232.97797,139.91275,-55.552002,7.790291,23.144241,15.5865555,-263.149,-107.326485,-190.84735,-37.72451,-259.742,-61.42984,-242.50314,-143.24945,16.735985,-621.4884,174.74683,156.62515,130
340,-302.14038,27.62577,80.345245,193.09866,-391.81128,-217.81477,45.86046,231.10909,138.54538,-48.338898,5.8348923,27.453232,12.345039,-253.44534,-102.41422,-188.64062,-40.314575,-262.2215,-65.33331,-229.08345,-150.06009,4.8751826,-602.0118,177.19745,150.58345,130
341,-297.81775,28.048302,79.20333,191.40695,-383.32257,-212.22443,54.570984,232.90819,130.96759,-38.46912,13.83049,40.691227,7.9932556,-261.58884,-106.60849,-188.14723,-30.167786,-259.08252,-60.018723,-243.66281,-157.34673,17.256876,-588.8212,171.63345,148.64809,130
342,-304.8928,96.5974,86.30944,122.792435,-437.67932,-195.17982,-45.775116,219.74657,41.016167,-128.28366,61.139496,-40.13033,98.64792,-151.43695,-13.276131,-141.21829,-109.15013,-247.24734,-7.089493,-127.823296,-127.14629,-59.93158,-494.4283,223.79703,110.77166,130
343,-299.74643,45.997253,75.7625,198.98827,-392.52716,-211.21722,46.04242,229.17812,133.05344,-41.96282,14.060448,31.898903,15.137413,-252.4397,-101.56647,-189.7781,-34.86297,-263.7732,-58.440033,-240.5138,-155.8285,11.09042,-606.7964,173.60303,148.67136,130
344,-265.5858,46.30169,73.51549,134.00993,-425.3011,-239.44507,-25.996033,203.10434,64.95935,-112.672874,21.69806,-1.7337494,37.14903,-183.21577,-43.322716,-137.14484,-88.570076,-254.48836,-71.77267,-146.58185,-162.4997,-30.451097,-543.49817,195.21886,162.35693,130
345,-290.43066,51.526176,84.081375,212.12827,-390.72632,-211.16464,30.92675,235.31085,128.80792,-40.96564,-17.90757,53.081116,24.978828,-223.31367,-103.155716,-194.55634,-23.364449,-281.34506,-68.55482,-226.79398,-129.2769,-7.166605,-584.3844,170.23767,142.3755,130
346,-295.1411,51.594128,83.442474,206.8737,-384.96445,-206.07367,30.967361,229.91115,116.010155,-41.864754,-10.505859,56.124603,28.617065,-229.6493,-101.23917,-189.37115,-19.261879,-265.39203,-59.980347,-225.01263,-138.11261,-2.9956656,-573.20764,176.86877,149.90378,130
347,-290.37143,55.77034,74.94821,198.64847,-388.76523,-197.51263,25.427635,225.5145,106.84548,-48.495594,-7.9386673,61.234795,30.12436,-228.61307,-93.64996,-192.75305,-17.958649,-266.02158,-58.75464,-221.84464,-137.41806,-5.5314884,-578.61365,185.49716,141.26804,130
348,-284.0924,59.726196,79.14989,200.057,-383.86487,-193.74911,22.949509,216.86205,105.87522,-53.9979,-5.532875,56.98295,25.96344,-223.69405,-96.16044,-192.23885,-16.857674,-256.67007,-56.4672,-209.35808,-126.22018,-7.4373283,-570.4956,178.28595,131.21652,130
349,-294.31357,52.705505,65.632904,200.56458,-383.76917,-190.5379,26.747528,218.97954,115.56764,-54.30086,-12.308853,51.423622,27.102585,-233.43747,-105.111786,-200.45149,-13.722542,-262.33417,-55.522064,-212.03192,-124.735085,-0.80479336,-578.44574,178.86699,133.38849,130
350,-293.33157,53.971954,66.16575,197.73515,-378.85175,-184.84259,32.43666,219.19438,106.43314,-52.082775,0.7511368,52.907413,26.162575,-234.70312,-106.37325,-198.72614,-17.268158,-259.21436,-50.58171,-213.97485,-131.42068,1.3891716,-570.57263,177.21085,134.12822,130
351,-303.24792,56.93891,59.0291,201.30882,-394.19672,-198.95897,43.393547,224.00505,111.52208,-42.201824,-0.52186584,48.935856,25.515427,-243.57292,-117.500885,-208.20511,-10.964119,-263.21143,-51.09607,-230.34375,-137.83975,13.416796,-581.3541,172.10616,142.61101,130
352,-294.59552,55.839016,54.711338,198.36118,-377.7296,-194.88214,40.342052,220.25467,109.73151,-40.935673,-4.757538,44.20168,24.442904,-238.79309,-105.494644,-200.21835,-8.389973,-260.32053,-51.20613,-221.44696,-128.3346,11.007447,-565.9376,166.6816,137.25745,130
353,-305.76767,104.87874,91.33048,126.79773,-432.1903,-185.72534,-48.350174,225.5662,46.428265,-110.661285,62.554775,-37.73856,96.06099,-154.74411,-18.795925,-143.8634,-89.42856,-253.10553,-28.472076,-132.11967,-123.61728,-66.854126,-504.09567,218.23114,113.5116,130
354,-295.48074,59.220768,48.485283,200.02061,-385.6059,-197.64334,42.69102,223.95714,113.44321,-38.278885,-9.633137,47.783447,20.372955,-234.34792,-116.04992,-211.86859,-2.7738533,-265.1112,-56.050186,-222.77115,-121.37436,10.128637,-570.92065,153.98752,139.62503,130
355,-289.29578,54.187836,52.817604,195.7372,-374.03113,-192.71358,40.30206,222.09839,108.276245,-35.7082,-7.4322815,44.923286,15.925274,-233.0919,-122.80351,-206.1766,-5.926838,-256.52124,-50.38643,-216.11742,-127.94255,2.7544727,-561.7067,152.20009,138.63965,130
356,-299.43784,54.374054,46.33833,200.24069,-383.14304,-192.7222,44.312485,228.22949,115.84914,-34.05631,-0.6908188,49.73924,17.341387,-234.17415,-126.50962,-215.26064,-1.7318497,-262.42374,-52.219154,-227.80344,-126.97518,8.937511,-579.86774,150.86304,142.60495,130
357,-291.0906,59.884537,56.02872,190.23174,-386.56607,-189.20317,36.531616,220.37576,98.69843,-48.761135,13.56897,46.363914,23.82477,-218.14069,-111.01314,-196.30096,-17.727367,-249.25266,-48.268784,-222.41812,-135.78534,-2.0358696,-560.2675,161.98436,126.954346,130
358,-298.70645,52.40657,57.71126,204.9537,-382.7346,-190.2912,43.590076,235.08379,119.930664,-27.558828,-3.3287926,57.704613,9.441072,-236.55432,-130.51768,-217.84534,-11.5279045,-264.49637,-50.908295,-242.35863,-133.02441,6.7411804,-584.3738,153.8144,145.83102,130
359,-294.68744,56.046505,56.76689,202.93698,-381.96722,-185.8621,34.919647,228.21693,108.64743,-28.081806,-4.325775,42.87972,20.885124,-219.7944,-129.03954,-219.8742,-12.588066,-266.77722,-53.069443,-236.99547,-132.33138,2.7482586,-591.376,155.43869,141.39636,130
360,-289.11792,65.47809,47.522495,201.06374,-381.3224,-185.20885,5.8100367,217.19353,107.417786,-51.371857,-10.523308,27.933367,34.892365,-207.63046,-113.43796,-220.67525,-20.608646,-268.57306,-59.025795,-206.35262,-118.72909,-17.166204,-609.786,166.24701,133.07156,130
361,-289.1203,68.74511,52.396812,206.069,-379.25116,-179.46321,4.343914,221.72983,102.38768,-49.09371,-14.171825,30.65269,39.18553,-212.86409,-105.34565,-222.28746,-24.546825,-269.8989,-58.54489,-210.1583,-123.30895,-15.117348,-616.9647,173.4995,129.23361,130
362,-291.28824,68.66632,55.771812,205.30002,-376.29993,-174.7727,8.004454,228.14862,104.60537,-43.89918,-9.955471,34.877106,35.326214,-218.2527,-107.02237,-221.23695,-27.20491,-274.56662,-61.751686,-224.65215,-130.28693,-16.566187,-613.54,180.63841,132.48203,130
363,-291.27402,73.82984,56.535744,203.67009,-376.1903,-176.39807,-3.836007,224.34366,103.85689,-46.868538,-8.401131,23.982357,48.411514,-203.02806,-98.81981,-215.82806,-26.260777,-276.29257,-67.103836,-213.78252,-121.82153,-22.079767,-614.5588,185.01007,129.2916,130
364,-297.67255,66.8752,78.5589,86.76988,-430.46213,-225.87117,-71.09843,208.92526,-5.742119,-116.91328,64.9666,-45.39402,74.51727,-128.68767,-13.4202385,-129.63725,-113.985176,-208.5405,12.1540985,-93.19115,-75.7749,-91.2032,-468.46313,233.20718,132.59726,130
