,0,1,2,3,4,5,6,7,8,9,10,11,12,13,14,15,16,17,18,19,20,21,22,23,24,target
0,-4.0692525,-1.4030285,10.797752,-8.069612,-5.52715,-0.44362974,-16.184149,4.4996963,-11.419846,2.2305279,-0.6084149,3.6290498,10.451656,16.632742,3.203456,8.35902,-8.163005,3.0023847,7.0256357,1.2067771,-14.528591,2.5186696,-4.0596533,-4.700458,-5.051137,130
1,-3.4875898,-2.3446255,10.83235,-6.1507244,-8.193359,1.7620089,-16.270374,3.9312587,-12.867405,3.0072913,-2.061209,3.6949685,10.921705,14.86351,3.7028413,6.849984,-10.077811,3.6685553,4.998224,-0.66045284,-12.884856,2.6354692,-1.2315952,-5.5267005,-5.5464897,130
2,-4.381036,-2.9740934,10.988355,-4.3499775,-7.2623243,1.0193088,-16.520374,3.4341712,-13.485991,2.6544924,-2.497979,4.5073094,9.015356,15.203506,4.1570044,6.8679914,-10.586548,2.0314212,4.4239793,-0.5406499,-16.322784,3.4632971,-4.657117,-4.938757,-6.8268795,130
3,-5.6988926,-1.7887399,10.9330225,-3.6624017,-7.462584,2.0146892,-16.725254,2.3268201,-12.890783,2.9252224,-3.6529975,4.9376802,9.998327,14.12579,3.4527292,9.324174,-8.984072,2.6007857,3.4530375,-0.59963226,-15.612497,2.8966532,-4.4637213,-7.755995,-7.732345,130
4,-0.3858204,-6.5192823,10.303704,-2.973153,-4.396135,1.677185,-16.02166,0.098896384,-19.35643,3.3966045,0.28660583,3.7851167,14.472157,14.103882,3.6901717,3.6962976,-6.3592405,6.560012,13.090433,2.6732821,-13.588848,5.3512273,-7.729077,-5.9842906,-9.232228,130
5,-4.6745815,-1.227071,11.350972,-4.9240785,-6.5498857,0.50047135,-15.720528,2.907166,-10.572661,2.9356427,-2.634425,2.8988597,10.865134,14.577687,3.5900855,7.3312073,-9.178665,2.048828,4.4321976,0.49356174,-14.887291,1.7115197,-2.9376714,-4.712041,-6.3348866,130
6,-4.488498,-4.089173,11.411564,-4.1986127,-6.7961526,1.0672781,-14.512688,2.442264,-14.034019,4.868721,-4.0822563,6.6992526,11.878111,16.314844,3.1930513,8.168525,-8.2483015,4.179243,5.0546303,1.0198822,-14.676113,3.4501605,-4.854832,-4.9539595,-6.00352,130
7,-5.6561775,-5.3721175,10.331352,-2.0500364,-8.201248,0.99413323,-17.23911,1.6808009,-15.021399,3.5906553,-4.9939594,7.523299,10.300763,16.345564,4.7389574,7.9890995,-10.052736,4.190941,4.0369196,1.8976216,-16.269146,3.3638694,-5.619017,-6.6221237,-7.590104,130
8,-6.184877,-4.76804,10.507335,-3.5183,-7.599647,3.664072,-17.083858,2.5684292,-14.434637,3.7189722,-4.2358446,5.2930584,10.00792,15.999126,4.1627192,10.248947,-9.560938,4.343691,5.263729,-0.30231166,-16.68589,4.1955624,-5.074011,-7.6377115,-6.134308,130
9,-7.344331,-2.9494026,11.632469,-4.157691,-10.200818,4.9795346,-14.704246,4.492283,-15.853434,3.1323595,-2.8837285,7.0014935,11.320022,15.480743,4.725898,7.6100116,-6.8142624,4.29984,3.195459,-1.3568499,-13.476382,1.8051748,-2.1133122,-4.3264446,-4.369409,130
10,-5.789945,-6.401128,10.800303,-3.0196762,-10.001452,4.3755684,-16.764463,2.2614207,-16.339863,5.5235176,-4.118351,7.1126094,10.772677,16.173159,4.9521236,8.743094,-7.9934244,4.4579473,3.8479905,2.4669657,-15.622318,3.6858535,-5.671644,-6.075499,-5.3861656,130
11,-4.8459144,-5.0743723,8.730006,-2.706421,-9.010628,5.3769264,-16.116219,3.6835432,-16.786228,4.6279073,-3.059504,5.7285857,10.18812,15.513995,3.8772726,8.333887,-8.026158,4.398017,3.7411194,1.4868171,-15.70137,4.354535,-4.131272,-4.9682345,-5.6867757,130
12,-4.9552774,-5.0264196,10.904201,-2.734995,-10.82222,4.1668262,-17.31849,2.8555262,-15.912632,5.4004345,-2.8053367,6.786208,9.802272,16.442562,4.183941,7.690253,-8.505777,4.2344465,3.1527603,1.713259,-17.494019,3.5942874,-5.0970182,-6.618797,-6.063959,130
13,-6.5132375,-3.5804782,10.362558,-4.3484683,-5.843995,0.20425653,-16.735123,3.475649,-14.2085,5.470371,-2.7844975,4.4628386,9.466491,17.67346,4.8546934,8.137172,-10.039532,2.4176815,5.260224,2.5021174,-16.254908,3.7437534,-6.09974,-5.605591,-5.2457056,130
14,-5.5231237,-4.1017885,11.258652,-2.8522372,-7.227597,1.2429593,-16.009678,3.2418387,-14.073102,4.181939,-2.418918,5.4501133,9.493736,16.38588,4.598657,6.164465,-9.886895,2.6744924,3.381141,1.7610636,-14.782604,2.6463466,-4.4433126,-7.026355,-4.35732,130
15,-0.9259875,-6.942994,7.9965463,-3.1757631,-2.1065695,1.5257306,-17.067616,0.75551724,-16.91624,3.8082263,-1.361033,4.6068797,11.917239,13.5450115,4.112668,4.0071583,-8.345935,3.882221,11.356902,1.3969474,-14.820616,6.023915,-8.770165,-6.5686946,-10.537662,130
16,-6.8773937,-4.3129506,12.5237055,-3.3521042,-8.653175,2.2711592,-17.359726,3.5623913,-16.083347,6.896322,-3.4149244,7.471309,9.079223,18.149694,4.5032396,6.619091,-10.303146,3.169336,2.9250119,2.3078232,-18.291088,2.9564466,-5.629099,-7.024852,-3.6507158,130
17,-5.526827,-4.9219503,11.448425,-1.9507704,-9.757155,3.7439106,-17.866291,2.2442234,-17.384098,7.056102,-5.0948467,7.222796,9.035005,17.033207,4.2042766,8.453144,-10.75018,4.293063,0.45458984,3.3246932,-19.938171,2.9155676,-7.0689707,-7.992125,-6.133778,130
18,-5.1268253,-3.9608793,9.833355,-1.0207863,-7.7826405,2.3476162,-16.145031,4.0417924,-15.285324,4.8259954,-2.8773687,5.8036146,10.116219,14.678409,5.147502,6.1141663,-8.814133,3.2522578,1.2566366,0.7720275,-16.358305,3.2266111,-5.580748,-7.513344,-4.7829456,130
19,-6.3315687,-3.5616379,10.602214,-2.628458,-10.018902,1.3619893,-17.087727,4.055396,-15.981467,4.1502304,-3.9531565,6.520717,10.639923,15.081741,5.3549614,5.3439274,-10.0996895,3.2066722,1.3838809,2.442518,-16.813168,2.7494247,-5.849431,-5.995727,-5.8476443,130
20,-3.8569884,-3.149719,11.002822,-3.8002033,-8.849032,0.102380276,-15.7017355,5.771342,-14.796333,4.4882107,-2.253088,6.4478955,10.051813,14.819895,4.4657173,6.4728837,-10.489068,3.798417,1.3504884,0.71334505,-17.393808,1.6369545,-3.8967693,-6.277855,-4.0727167,130
21,-5.115462,-2.9815183,12.171141,-3.0392828,-10.517198,1.9238224,-16.796303,3.766711,-17.070578,5.5722265,-3.6194816,7.254659,8.97643,15.383147,4.507365,8.28944,-9.317051,4.1100636,1.9696014,3.6343055,-18.438198,3.5306144,-4.627189,-6.1209946,-5.908632,130
22,-5.2790704,-3.0439913,12.547194,-5.269332,-9.964682,1.6279535,-17.53004,2.589722,-16.433596,5.942263,-3.261693,6.7135496,9.618613,15.970427,4.4369206,8.424293,-9.630379,4.2847276,2.7489924,3.241014,-17.088186,3.5686557,-4.763637,-6.481476,-3.7199934,130
23,-4.02135,-3.2058237,11.292541,-5.105688,-11.416159,1.4152064,-15.603113,2.9033663,-17.58915,8.03451,-2.061044,8.319233,9.779432,16.727024,5.2731194,7.5054283,-9.782879,4.235015,-0.67771935,5.0220375,-16.683016,3.68225,-4.2305665,-5.5905914,-4.20363,130
24,-4.0145464,-3.7944734,12.285268,-4.4088583,-11.263625,1.3935935,-15.625945,1.7873014,-17.796747,7.3548307,-2.0234647,7.0714474,7.943054,16.399609,6.341105,9.089971,-9.246464,4.2592616,0.22274756,6.4243703,-15.437029,4.79758,-3.8500323,-5.5211067,-4.0217214,130
25,-6.323452,-1.874017,10.573038,-5.1061525,-9.5463,2.9110022,-16.809217,2.1065762,-17.956837,6.8318567,-4.2506704,6.064475,8.930519,16.36747,3.9018207,8.739525,-9.397144,3.970046,1.7519884,2.8506267,-17.050697,4.3062124,-5.164979,-7.0505185,-4.9536295,130
26,0.86722934,-5.616191,8.366166,-1.2040224,-2.0675097,-0.96234274,-15.934155,1.4109654,-16.551672,3.2704182,-1.0329003,2.2337816,12.955351,14.770097,4.812853,3.0444088,-7.2418413,2.3975291,12.764256,1.6728601,-14.369848,4.934331,-8.129658,-7.1468835,-11.150969,130
27,-4.1808877,-1.5320629,8.319136,-5.1741705,-7.8011594,1.9235079,-15.870082,3.597437,-17.075312,3.576309,-1.5404924,4.5216117,10.936179,16.16463,3.504126,6.6369033,-9.858331,5.374121,4.016802,0.54109645,-14.571459,4.4226656,-4.3176804,-4.4149446,-4.577238,130
28,-5.0353303,-3.7086978,13.067543,-5.407915,-7.013071,0.81751084,-18.497366,3.1527503,-15.620377,5.7248755,-2.6050906,7.6014752,7.7622805,16.922722,4.1595726,7.9638915,-9.78456,3.5819616,2.7862527,2.6110091,-18.025785,4.7375593,-4.622248,-8.610277,-4.538477,130
29,-5.345353,-2.817927,10.517782,-3.850616,-8.335198,1.1495838,-18.764826,5.49036,-15.884282,6.7986493,-2.2625566,8.201281,8.7749605,18.14477,4.4727707,6.5980506,-10.127908,4.2244415,0.91826725,0.6483855,-19.296719,3.2341058,-5.2937584,-7.1458855,-3.3151412,130
30,-4.219467,-2.1262233,11.450886,-5.6951866,-8.135191,2.4925125,-18.70863,3.2230535,-15.391112,6.4836397,-3.5274315,7.7322307,9.678944,16.838596,3.854535,8.180378,-11.97369,4.427388,0.57018757,2.3402495,-20.672382,4.0919666,-5.578946,-8.960358,-4.3534393,130
31,-5.8270254,-3.7227833,12.323977,-5.0346727,-7.724574,1.8862634,-18.596357,3.0052433,-18.318672,5.291807,-3.2633371,8.519684,8.359695,18.454098,4.467184,7.2096367,-9.9355545,5.7095056,0.9609177,4.083852,-20.603727,4.2182765,-4.1955357,-6.984419,-5.180664,130
32,-6.6195965,-4.4665003,12.617455,-4.640559,-8.600109,1.2004867,-17.694677,4.3108044,-18.020452,4.855446,-4.131507,9.036171,8.062638,18.951254,4.4427905,7.0723433,-11.104529,6.3216743,0.35971618,1.69297,-21.725647,2.6583905,-4.940968,-6.7127733,-4.7840557,130
33,-7.242146,-2.609086,12.383448,-5.224453,-8.930423,1.5412016,-18.975826,4.1808968,-15.542956,6.6368403,-4.7354116,9.438193,10.244607,18.082941,4.6134057,6.0698547,-8.996952,3.3926978,-0.38745666,2.3063712,-21.725239,2.9406693,-3.7551222,-8.594917,-3.5097022,130
34,-7.693839,-2.25818,11.480684,-5.921033,-9.942887,0.659703,-17.97801,3.5049624,-15.421614,5.1777964,-4.5448427,9.470529,10.691784,18.088478,3.7513065,6.08209,-9.490389,4.4293613,1.4143786,2.7084956,-21.87397,2.4079657,-5.5544558,-7.7580595,-3.915101,130
35,-7.4638023,-3.842483,10.890592,-2.016366,-9.568588,2.4447417,-16.795269,3.489749,-17.504375,5.0943623,-4.918536,8.3697,8.216338,16.163866,4.4938197,5.554022,-9.534016,4.033989,0.26209974,3.8918269,-18.774582,3.909751,-5.509942,-6.4698734,-5.849252,130
36,-7.771742,-3.690805,12.076519,-4.2335405,-10.140987,2.3155107,-19.181255,5.5721903,-17.879171,6.9056873,-4.6630135,10.115314,6.87354,18.02941,4.248344,7.1750336,-7.9944634,5.534915,-0.12957025,1.2312498,-20.70369,5.619339,-5.675893,-8.003979,-3.7132058,130
37,-0.2634009,-3.3715684,8.561179,-1.8345346,-3.6463943,-0.59259176,-16.077366,0.12825394,-17.322685,4.1341925,-2.1707146,4.4594903,11.289942,15.093483,5.013582,5.565378,-6.154706,2.5075889,7.8374605,2.5186348,-14.540621,3.3043282,-8.552551,-7.902479,-7.486577,130
38,-7.950787,-4.4259334,13.042406,-5.273435,-7.5984144,0.81390023,-19.251026,3.9290786,-16.476297,6.1663785,-3.0416377,9.769434,5.427957,17.50352,4.63606,8.237198,-7.5263147,5.505871,0.45508432,3.045698,-18.402357,6.6347303,-3.8885791,-7.2027707,-3.8651147,130
39,-8.458087,-1.9462094,9.520353,-3.401906,-7.7078266,1.9822264,-18.298681,4.6235275,-16.385149,4.823433,-4.4637938,8.558002,6.3226357,15.820337,4.38202,7.493911,-7.78802,4.4601226,0.13138771,0.7453549,-19.356277,5.4076343,-4.8816113,-6.992529,-3.6422663,130
40,-9.466589,-1.4785492,9.792765,-6.201055,-8.442711,1.4117296,-17.289232,2.7490804,-14.896882,5.244375,-3.0146267,8.730473,6.0586047,16.600742,5.024895,9.708446,-7.4366508,5.5405345,2.2311673,2.6702123,-17.381119,6.540888,-6.980154,-3.4894829,-4.814088,130
41,-7.8266892,-3.6964734,9.841376,-4.2010474,-6.414197,2.6780248,-18.329044,1.9621758,-16.112701,2.8076591,-5.4470463,8.138776,6.061805,15.718412,5.7104707,9.435836,-11.058708,4.551185,1.5292158,0.6472826,-18.60315,5.3516717,-4.0400987,-6.7332406,-4.9002357,130
42,-8.205894,-3.0016203,10.417476,-5.970718,-7.387478,2.0532382,-19.423428,4.2860355,-15.455043,4.6119347,-4.1700306,6.8810935,6.3192744,19.047981,3.6973288,6.6711607,-10.15055,3.442671,2.31392,0.21544218,-20.202518,6.134245,-6.722946,-6.632456,-3.6688738,130
43,-9.519823,-3.2702823,10.278933,-4.2361975,-10.110298,4.2451754,-17.68333,2.6034155,-17.954086,5.054285,-4.253172,9.080199,6.760221,15.989962,5.8553495,8.13007,-8.800762,4.0522833,1.3507628,2.111547,-20.232677,6.418576,-6.343816,-6.212452,-5.5633492,130
44,-7.598084,-3.252644,9.237754,-2.6902294,-6.942081,2.635478,-18.947632,3.345473,-14.905044,4.3157496,-5.041283,7.3851767,6.7573724,16.135696,4.7935896,7.5224056,-12.212839,1.2573751,0.055324316,0.18221068,-21.844563,4.001938,-5.0567837,-7.4902444,-4.260247,130
45,-8.2650795,-3.2654414,9.808741,-1.9051523,-8.679181,3.4096265,-18.050175,2.2634583,-15.556633,5.75473,-5.8678546,9.322656,9.40081,15.750515,4.08847,7.756177,-11.647715,2.0313709,2.054212,0.48057604,-20.857933,3.0907807,-5.0511374,-8.022165,-4.1705575,130
46,-7.3482776,-3.608371,10.722037,-3.044032,-6.393342,3.5968206,-17.363312,1.2461028,-16.317173,5.9067764,-3.2447019,8.430368,7.970129,16.149426,3.3216455,7.9737244,-10.082466,2.9328122,4.030104,-0.030612707,-20.236897,4.83877,-4.103108,-7.006667,-3.5321016,130
47,-7.418089,-2.9428754,12.663073,-2.4323912,-9.865192,3.1914182,-16.834574,2.0064507,-15.0349865,8.431946,-3.1922832,8.958668,6.5810275,17.264921,4.851962,6.9757953,-10.780011,3.1586797,3.3236475,2.6059499,-19.0556,3.834036,-5.293839,-8.555351,-2.799758,130
48,2.743799,-1.5029502,8.325239,-3.6564837,-1.4401,-2.0643606,-18.246721,0.17479694,-14.77535,4.3543243,0.80860853,2.0454948,10.082726,14.822134,7.4696107,4.616169,-3.9845712,1.3933415,8.325344,4.54088,-11.608445,5.596183,-7.0865693,-6.2688994,-7.941933,130
49,-5.253457,-8.926508,10.888391,-0.85599613,-13.362431,8.653459,-9.236204,1.8492681,-18.151636,10.85926,-1.5487263,7.873417,15.358257,15.159685,5.0913954,2.8497071,2.1658063,4.100277,6.6633883,4.922516,-8.807951,-1.3844855,-9.448132,-1.2264549,-3.744473,130
50,-3.4023793,-1.8881109,7.836628,-4.028557,-9.047333,2.3040636,-5.3101325,-1.2317606,-14.368284,3.3358593,0.7814845,3.5802748,12.721359,15.305929,4.6506805,2.093586,-2.332274,5.374215,5.936548,0.6959245,-5.1203923,-3.2371278,-11.620587,-0.19059384,-3.2009492,130
51,-2.2742617,-3.261565,5.986532,-2.9390101,-10.228091,4.423684,-3.817065,-3.1702726,-12.991635,2.1183517,0.7323741,4.0090213,12.296687,15.014263,6.059816,2.2420034,-0.48929644,5.073048,6.668161,0.45976496,-6.980549,-1.6183143,-11.759786,1.3723271,-5.0405045,130
52,-2.197364,-2.8539436,7.4862795,-2.939283,-8.978771,4.1335745,-3.6085732,-2.1945236,-12.099202,4.25788,2.2250144,4.124696,15.393456,15.545832,2.8622189,-0.012104034,-1.1992154,4.2230625,8.029242,0.16512299,-7.0137253,-1.8720343,-11.319424,0.64229393,-4.878984,130
53,-2.5648756,-2.3196163,8.846631,-2.3915644,-6.406186,2.2078032,-4.5978837,-1.1114378,-13.078097,3.3292007,3.3529863,4.5880513,13.651745,16.64516,2.453289,-0.019834042,-2.058895,2.8515987,8.804329,0.21968627,-7.4553404,-1.9541211,-11.495903,0.8432334,-4.6280184,130
54,-2.5944817,-3.5762925,9.915672,-4.239284,-10.427155,4.2682414,-4.655812,-5.573634,-13.076633,4.7973638,2.4629638,4.372165,13.601177,17.35761,4.881059,1.4037471,2.0324793,3.616038,9.083794,3.0176513,-7.3689237,-1.3973336,-11.833937,1.4926747,-4.5873003,130
55,-2.1045265,-0.23585081,9.00358,-2.469513,-6.8242044,2.0414958,-4.9007134,-2.9303484,-13.263768,4.9640136,4.5046725,5.183256,14.427881,16.341173,4.3481474,1.3724895,0.37354755,1.7692888,11.225901,2.8791442,-7.3399196,-0.17717075,-11.948557,1.5201614,-6.145852,130
56,-2.0299718,-3.6434052,10.107273,-5.761412,-10.862602,4.037496,-4.6309047,-5.565531,-13.9341345,6.0697036,3.4826846,4.6129985,14.732235,17.643372,4.898489,1.7187405,1.3120656,4.9294806,7.5805984,3.885126,-7.8906045,-1.3539896,-11.291111,2.9763103,-5.010365,130
57,-2.3975143,-2.170886,10.137528,-5.0694613,-10.533229,5.3031797,-4.4283304,-4.730402,-13.077747,6.6272736,0.9371743,4.113334,14.830685,16.927671,3.5468094,1.5176787,-1.1461892,4.1272306,10.393802,1.712074,-8.089573,-0.19084597,-12.60668,0.50920236,-4.981088,130
58,-2.839564,-3.6109722,9.451757,-3.7612839,-11.101423,4.3707356,-4.028912,-4.335887,-11.549562,4.997754,2.7424388,5.8797593,15.220378,17.591652,3.0834086,0.7785573,1.4630427,4.453758,9.326223,0.13684583,-9.3622265,-0.02229786,-12.251279,1.6557806,-5.841692,130
59,-2.7377365,-4.7948256,9.449092,-7.0988026,-7.469124,4.198911,-7.8726945,-6.0208893,-11.668577,5.7814074,4.635425,5.416552,13.014041,17.15755,4.9517303,2.0910192,-0.27024794,5.419382,11.590095,3.0713782,-12.430576,-1.0580928,-11.513923,0.6642033,-5.3322706,130
60,-2.454129,-11.945059,6.9675593,-2.164318,-11.645016,6.4106636,-9.931359,-1.3243983,-19.423597,9.222635,1.4007936,9.515427,16.1295,14.371235,5.786911,1.9951842,1.7330885,6.7468243,6.1074734,6.493039,-6.5498924,-1.1224952,-9.319092,-1.7291757,-4.2749996,130
61,-1.665312,-3.3746645,9.761576,-3.7094717,-7.655872,4.5207806,-4.870295,-4.941559,-12.343172,6.0099807,2.2097538,6.058126,15.680712,17.157131,3.680509,1.8620987,-3.1540537,5.9801793,12.506205,0.9804201,-11.19288,-0.6967356,-11.272997,-0.15539289,-4.869524,130
62,-4.032871,-5.1101036,9.827681,-3.0388656,-11.259377,4.7138305,-4.5346813,-5.7919664,-14.606672,5.8880625,2.8714495,6.213689,18.933372,17.058163,0.7572875,0.33682966,-2.3154788,7.869428,13.646986,2.236646,-11.496722,0.24561381,-11.990072,1.7233474,-6.5215,130
63,-2.76461,-4.660938,9.887371,-2.917182,-9.266926,3.3414598,-4.4353385,-5.0839596,-14.620918,5.383045,2.7788248,5.517905,18.277983,16.738297,0.15942955,1.5065513,-3.6414495,7.320182,12.989867,2.0215979,-11.781763,-0.5919428,-10.738468,0.9574374,-5.7764645,130
64,-3.0381837,-2.5789132,9.208365,-2.9856386,-8.224386,2.6663766,-4.603633,-3.60604,-14.0501175,4.696929,2.800821,5.0148396,15.398577,15.363657,1.712872,2.5763388,-3.5861106,6.179421,12.341948,1.6484785,-11.770124,0.64839435,-10.988671,-0.12985301,-6.861204,130
65,-3.025526,-3.8102126,10.705261,-3.698759,-8.706831,4.3134136,-5.831832,-4.822982,-15.846873,6.2721395,4.727351,3.2671385,17.237028,16.385092,0.4441123,2.697331,-3.2135572,5.91685,15.6033325,1.9970808,-12.387041,0.3553455,-12.347067,0.42654487,-6.322841,130
66,-2.5548985,-2.789187,10.067486,-1.2679443,-10.802243,5.5154824,-5.4177012,-5.1706266,-14.444447,7.230299,4.2260046,3.3649325,20.638737,16.095692,0.6206889,2.0396197,-2.8557348,5.374449,18.382856,2.7029762,-8.023031,2.7746744,-15.161304,0.5511141,-6.1640472,130
67,-2.0938764,-4.678463,9.143745,-3.7397037,-11.148426,5.2544355,-5.325982,-4.709347,-15.343279,4.832541,8.897807,3.686152,21.728998,16.618792,0.32084465,1.8431747,-1.5004568,6.4005685,18.832457,1.6993971,-8.757019,3.6077614,-14.341749,2.8969824,-6.5749636,130
68,-2.1697388,-3.9841123,6.1805606,-1.1399002,-7.5247836,5.876722,-8.101463,-4.8498116,-14.177905,2.7041974,7.7360144,3.3865042,19.903242,13.964975,3.139174,4.0161343,-3.181776,10.127662,16.521687,5.197222,-9.239834,3.0587835,-11.14303,0.6044377,-6.410391,130
69,-2.5818236,-3.6176283,8.73226,-1.4085865,-11.264681,3.669734,-7.3175,-3.982813,-13.597223,5.1271257,8.042681,3.574194,19.682158,15.191334,1.9779673,3.1060777,-5.272558,8.461293,17.507936,3.9740963,-8.821073,2.2065854,-12.263839,0.8261125,-7.3089232,130
70,-3.3515983,-3.068737,8.378338,-2.0501442,-11.520206,5.1976233,-8.812513,-3.2568302,-14.489561,3.6693478,5.591359,3.2903848,21.165684,16.749071,-0.34932876,4.668605,-6.0794716,9.609369,18.548765,1.9173465,-9.176807,1.4929404,-11.662722,-0.023248851,-6.653212,130
71,-3.112205,-11.109173,7.8027153,-2.6059237,-12.064384,7.479371,-11.050012,-0.6838979,-17.633265,8.431075,2.5416481,9.650284,15.133719,14.830689,7.1610985,1.6012797,0.586812,4.272835,5.9199805,5.8574476,-6.335922,-1.1466048,-9.229807,-4.3693733,-3.2313395,130
72,-2.610413,-3.3297842,7.842184,-1.3551369,-8.849989,5.651537,-11.54587,-5.136448,-15.0134945,5.1218433,6.3751717,3.6045651,21.157354,14.895527,2.6885302,3.8227515,-6.7453175,9.283045,18.956789,3.859218,-6.3919373,2.9349737,-13.042143,1.5643637,-5.924407,130
73,-1.8371378,-2.8131433,8.580397,-2.0737782,-7.235954,4.393901,-11.492289,-2.8044374,-15.124468,4.938927,6.15482,3.8665674,20.909384,15.767092,-0.46420622,6.5729494,-7.811118,10.031592,18.400759,1.5497303,-7.194003,2.9346585,-12.244556,-1.4328817,-6.936972,130
74,-4.3019133,-5.2463064,7.31101,-4.483444,-8.983554,8.994757,-12.433326,-4.013679,-16.770626,4.043455,8.799378,1.055345,21.040058,17.548025,4.8657207,4.5169044,-4.586612,10.097159,16.77106,4.709672,-8.87475,3.0069518,-8.717558,0.4828409,-7.622049,130
75,-4.9788127,-3.555451,8.731183,-3.3709445,-5.2924705,9.3462715,-12.763084,-2.884991,-15.809261,3.522559,7.3956733,1.9940002,20.307365,16.716394,2.1978748,8.061446,-7.907757,8.564941,17.33632,1.6928151,-10.642432,2.3005157,-8.74234,-1.9280552,-8.499438,130
76,-6.8823814,-2.6716874,8.7983885,-4.6767406,-4.537242,5.9735956,-13.789391,-3.814197,-13.308396,2.684698,8.202737,2.2290585,22.505053,17.324013,2.2715013,6.8259687,-8.51894,7.896392,15.566877,2.5875807,-8.9296665,2.1977067,-9.535791,-4.4779005,-8.489212,130
77,-4.259601,-1.3224955,8.7477045,-1.449502,-8.139683,4.9796076,-11.20753,-4.514663,-13.417629,3.8582482,8.440654,5.189248,21.091173,16.849249,1.6320045,6.8344007,-7.568536,7.2916145,17.084972,3.9115963,-9.168873,2.1158972,-9.327206,-1.6254208,-10.650937,130
78,-5.2371826,-1.1543419,6.3982425,-1.3364668,-5.919385,5.0576878,-13.218837,-1.4582824,-13.821336,5.2831182,9.294068,2.6949248,20.423126,18.609127,2.8414567,6.7015986,-6.326866,5.183907,17.131987,2.9329708,-7.47087,1.2387781,-9.40995,-3.136675,-8.08486,130
79,-5.1357136,0.13883531,5.581252,-1.8208737,-4.39662,7.738303,-13.075028,-0.83317834,-12.363322,5.5546093,9.930341,1.847617,19.603376,19.518639,2.4260528,6.9723334,-7.289385,4.1338205,17.406532,-0.81830883,-8.737272,-0.6295495,-8.225172,-3.621112,-7.5766196,130
80,-4.88715,-1.1158582,6.569316,-1.6739111,-4.898424,4.6609087,-14.660454,0.5705164,-12.774036,4.733964,10.5447235,2.311162,20.914186,20.109547,1.3994703,5.8808594,-6.959467,4.0843506,19.281822,-0.9079952,-8.7453985,-0.7841883,-8.132334,-3.7320356,-7.031249,130
81,-4.427157,-1.2804929,7.207024,-1.7155046,-6.2155027,2.9338303,-13.687667,-2.6793787,-9.991812,3.549584,7.0605917,5.022394,16.916632,19.854729,2.847479,10.112909,-7.31138,4.05929,14.40802,3.0204172,-13.855081,-0.28218937,-8.595642,-3.4284182,-10.267767,130
82,-3.3074262,-9.4284935,7.669411,-2.6546917,-12.52279,6.227933,-9.641494,0.5572185,-17.252218,10.257797,1.818896,7.4714193,17.309713,16.467617,4.5557756,1.7495301,1.5453205,3.9344172,7.048755,3.6343935,-7.232629,-3.2281692,-7.817364,-3.2753117,-2.1754975,130
83,-6.773761,-1.3776238,4.014777,-0.899313,-8.21518,5.974386,-12.01814,-0.6326624,-13.378803,4.8626547,9.798755,4.9702654,20.724743,20.63715,3.069407,6.054949,-2.5309954,2.323957,17.055227,1.1899877,-9.404382,1.772294,-9.391198,-1.2029635,-8.465447,130
84,-5.2789865,-1.4302272,3.8120873,-1.8694601,-7.721671,6.145588,-13.078688,0.36445642,-13.723684,8.549032,9.251089,1.6356463,21.548347,22.737608,3.1542158,5.0891848,-3.4929953,2.735674,18.965693,0.32718992,-8.990538,1.9146457,-8.828107,-1.4356362,-7.0517626,130
85,-7.8800707,0.560572,5.517982,-1.2776117,-4.918602,5.261089,-11.998374,-2.2759814,-14.286072,5.222638,5.752601,4.71569,19.43587,19.467756,1.390131,8.260639,-6.2626867,3.79561,17.044806,1.2260308,-12.751246,3.5595117,-7.223901,-4.112715,-10.214296,130
86,-7.391903,-2.1002622,5.0972633,-2.1354055,-2.1652846,4.6604443,-13.96146,-3.7549317,-15.944246,5.153831,4.7436986,3.0285664,19.206804,20.034317,1.5126126,8.182604,-5.501077,5.331085,16.911674,2.8972688,-15.905387,4.0797358,-8.087156,-1.8470349,-10.388511,130
87,-7.6445713,-1.8810112,3.453187,-3.5893517,-6.9742603,4.370309,-14.285866,-6.5338726,-14.226174,6.9975405,6.162607,3.1992245,21.567545,20.99955,4.7571497,6.7268624,-4.550178,6.086254,16.758572,4.3530426,-14.331501,6.870595,-9.9503975,-1.5309887,-10.617106,130
88,-8.954225,-0.42617506,2.4775388,-0.9295473,-5.310892,3.9044218,-12.665374,-3.5764213,-12.798366,5.1734614,7.6387615,4.8581443,20.695866,19.637243,3.4406948,6.558048,-3.1913795,4.382029,15.711491,3.1635513,-14.0546,4.1712904,-9.684243,0.23840022,-9.005632,130
89,-11.011234,-0.14569402,2.4903245,-2.7037735,-4.8597455,2.6014934,-13.991189,-5.807162,-14.270704,5.310238,5.3741145,6.8920407,20.671696,22.111298,3.9961896,4.4227586,-3.343666,7.761419,13.896116,4.654278,-14.999677,6.6555753,-10.066554,2.2681649,-10.920781,130
90,-10.1327305,0.33457732,3.6559813,-2.6693869,-6.4677434,3.6852493,-13.129944,-4.9873714,-14.693768,5.450792,5.0101223,5.010253,23.596752,21.159437,3.6184938,6.864573,-2.3749332,6.7316084,15.635544,2.7934096,-13.354483,6.2467566,-9.111463,2.0763855,-9.33889,130
91,-4.6091485,2.0555012,1.8730463,-5.204117,-0.5090282,4.703614,-13.872817,-0.1716997,-11.628136,4.3861294,8.163927,-0.122033596,21.716612,20.76801,1.4823754,7.0428934,-2.2753687,4.276306,17.5853,0.18003893,-10.355783,3.2745562,-7.8048716,-0.5414748,-5.0182605,130
92,-8.012282,0.10229331,2.6508512,-6.2926116,-4.868414,5.694411,-15.947692,-3.7272854,-14.844665,6.2773113,7.100115,-0.42569256,21.197502,22.676994,6.7545223,4.7927,-2.883706,5.443457,16.169737,1.5860939,-10.755271,5.466366,-7.668863,0.8293421,-8.508411,130
93,-4.0393867,-9.517919,7.88266,-3.1307392,-11.548615,6.4389205,-9.654885,-0.08237517,-17.880392,8.202862,2.4836814,9.296556,15.636985,14.251068,5.0806537,2.657503,2.0726302,4.379511,6.0259495,5.8663664,-7.4610543,-0.4888296,-8.173281,-3.8564527,-2.6115565,130
94,-6.6890035,-1.8286026,2.0225081,-5.3777237,-5.5130014,5.4241123,-14.427094,-3.348964,-13.887025,6.8179417,5.5985794,0.13565254,22.192429,20.790918,5.9394417,5.161961,-3.929337,5.979231,16.139582,0.8257551,-12.234591,5.3154116,-8.961855,1.1495941,-8.3461075,130
95,-6.6465483,-1.3492393,4.309472,-4.914815,-3.4658513,2.3881354,-11.798294,-3.496117,-11.748539,3.1444044,6.1009,-0.19475555,23.832941,21.828535,7.2070947,3.2961142,-2.505746,3.0042057,18.668003,2.0245628,-10.369198,1.6931777,-11.848696,4.057777,-6.512901,130
96,-6.9727864,-3.9438605,4.1336784,-5.7940254,-5.8014927,5.848821,-13.898619,-3.5167685,-13.738772,4.956192,6.55784,-0.9614649,22.651554,21.990711,7.753064,3.7998753,-3.0024614,4.7407613,16.313076,1.2731123,-10.938065,5.51872,-8.975089,1.5674865,-8.114431,130
97,-4.8851943,-1.2911565,3.6255949,-6.392548,-6.464132,7.8028502,-14.507582,-1.6836734,-14.320553,5.773913,8.167382,-2.1279635,21.06505,19.219671,5.726634,4.8023105,-4.7304864,5.0691805,15.308723,-0.07858086,-12.347119,6.7621493,-7.3464575,-1.68146,-8.230175,130
98,-7.625057,-4.296834,5.2515526,-5.9319115,-7.48444,5.8255177,-14.647439,-3.3216443,-14.936657,6.7270856,6.6833625,-0.15935326,23.725056,20.662426,6.8922524,4.1706247,-4.6317997,5.4682846,14.773292,2.1532254,-11.731503,5.767422,-7.5520296,-0.6722555,-9.923196,130
99,-6.899522,-2.2426262,3.6087523,-9.229297,-7.1931124,7.2370167,-14.751768,-4.448193,-14.0640335,9.571973,8.371576,-3.257028,24.252981,24.151398,7.000233,6.0083,-1.9554329,5.4112887,17.166084,-0.5034275,-10.134755,7.241777,-8.06049,0.596267,-7.836122,130
100,-8.032472,-2.4756696,3.5938892,-8.246027,-6.7141476,7.3489146,-14.570089,-3.4888885,-14.91304,8.129569,7.560478,-3.3456097,23.912174,24.249056,7.623399,6.469659,-2.2882957,4.894578,18.31961,-0.31307554,-10.17173,7.1998096,-8.60095,1.5775411,-8.2241745,130
101,-9.740372,-2.083384,1.0474331,-7.462558,-5.6074486,3.2763662,-14.669994,-1.2764535,-13.723263,5.5964527,7.211176,-1.4872036,21.983234,19.882732,7.490508,3.8353326,-4.0842896,4.92844,16.796589,1.4813399,-8.71977,4.6330614,-8.981975,0.37881494,-7.1254334,130
102,-9.185133,-3.5436769,4.66513,-6.4820666,-3.426499,2.5560827,-17.339159,-3.7132516,-14.744387,6.9896955,6.9313807,0.6843715,23.30461,21.31786,6.5629487,4.4900208,-5.8267164,4.3488865,13.973415,2.9415731,-9.057377,1.8125014,-9.901569,-0.6820848,-7.55161,130
103,-8.167287,-3.194659,0.80518013,-7.8017426,-7.63089,2.5698853,-16.113962,-4.8284416,-14.185973,7.920626,6.306348,-1.9774489,21.11657,21.09592,11.536402,4.2977524,-5.3517566,6.601651,13.351373,3.5371017,-6.8405905,2.7787433,-7.774116,4.01522,-8.283386,130
104,-3.7106826,-10.049585,6.844201,-1.2388964,-11.320035,5.6618433,-9.0597105,-0.20417845,-20.012262,7.991967,3.2754774,8.937163,16.265722,14.274702,5.348758,3.070861,1.3548121,4.019208,4.7235966,4.7801633,-8.526293,0.7816956,-10.19453,-1.6509173,-5.2316184,130
105,-8.418257,-0.76764876,-0.36830074,-7.7117844,-6.8795624,4.723356,-15.596787,-5.3903575,-16.491938,8.004596,6.8826065,-1.8532763,22.206112,20.874598,8.495468,4.0261517,-7.081074,6.0016246,12.232017,1.8950329,-7.208766,2.00211,-8.860752,2.9794056,-8.24694,130
106,-8.748567,0.15378809,1.5051814,-9.293692,-3.6559477,4.594097,-14.545604,-1.1414361,-15.916681,8.389663,7.1227074,-1.9447417,20.866858,20.578627,8.396509,4.2630568,-10.55984,6.5328975,13.011039,2.3438082,-4.021692,2.144734,-7.9970083,2.7019455,-8.572655,130
107,-8.644747,-2.2674737,2.783209,-7.650769,-6.146345,3.7898855,-15.358711,-2.595309,-16.383982,7.202458,7.5268693,-1.2151537,18.623495,21.445326,5.321119,5.3518815,-8.097903,6.1280537,12.962521,1.7395196,-10.473135,1.633214,-7.331691,0.8353846,-10.342414,130
108,-7.8620987,-3.5256498,5.208273,-6.612782,-4.9768806,4.8897862,-13.923143,-1.7452111,-16.216896,8.122834,4.761187,-0.86462736,20.169302,20.461216,5.407963,5.805188,-7.755592,4.354678,11.887898,1.1184864,-10.213881,1.3497696,-10.221524,0.96634936,-8.301376,130
109,-6.2288694,-0.72212386,0.45102364,-5.232217,-10.2727375,3.8141913,-13.989204,-2.5260067,-14.690084,7.286331,1.0523834,-0.7488127,18.026384,19.662771,7.5317774,4.354606,-9.572595,6.47358,9.988219,1.2452922,-10.071109,4.032854,-10.326733,0.5199959,-10.541613,130
110,-3.8855548,-0.71475434,4.65431,-4.3407474,-7.450804,3.9835353,-12.082614,-0.4640832,-14.049004,6.205766,0.22944629,0.40903187,16.017319,17.006159,3.159681,5.874572,-9.626823,3.5266843,8.296193,-0.59714603,-12.493786,0.193614,-7.2121625,-1.9903941,-10.394524,130
111,-5.8176427,-0.11299324,3.7540727,-4.8453298,-7.2228208,3.1888628,-12.283602,-1.6211628,-13.880463,6.8831325,0.080966294,-0.44436884,17.156387,17.625383,2.8520577,4.7387986,-8.671492,4.247082,9.931937,2.2755814,-13.10643,2.2473855,-7.8326564,-2.2529616,-9.982461,130
112,-4.6419735,-0.47557226,3.5079403,-6.39382,-11.120574,4.0268383,-15.311209,-2.1579378,-16.64059,5.879633,-0.20624727,-4.181618,17.342827,20.092619,5.114575,6.7084413,-6.955993,6.72884,6.7560062,2.503141,-11.987017,0.87345505,-6.6538486,1.3931081,-8.571922,130
113,-3.5318112,-3.1091437,3.7500057,-5.896115,-9.429339,-0.19050407,-13.244163,-1.0182437,-15.198594,6.579527,0.40100694,0.5997286,15.284164,21.809937,4.7061267,3.4373028,-5.5386286,7.5402565,6.757349,5.0854316,-11.428694,0.6380813,-7.2072926,2.2213848,-7.9002533,130
114,-4.588455,-1.271189,3.9859197,-5.869381,-10.933029,4.73414,-14.181277,-2.950058,-16.085672,9.631443,-0.21963733,-1.8536568,13.661158,20.336655,6.490627,3.6593745,-5.993829,6.5972023,8.383364,2.8975954,-10.013262,0.4795661,-7.5715523,2.9716918,-8.437048,130
115,-3.282693,-9.649337,6.7292395,-3.0576982,-11.773939,7.1473627,-9.534103,-0.58839536,-18.94866,8.437064,2.0471878,9.644482,14.816291,13.959753,4.5978484,2.9331174,1.66118,4.728595,5.2489777,4.841266,-7.9245186,-1.0278778,-7.7325945,-2.1748886,-4.099337,130
116,-4.357306,-2.1033623,6.0407825,-6.6790457,-7.8210163,3.2099805,-14.004199,-1.8356787,-17.798323,9.239605,-2.5619986,-1.5268235,13.601689,20.923576,3.3519611,5.2079835,-7.7393694,6.562489,8.382059,1.8778744,-12.598061,0.2096312,-8.984516,0.5931468,-7.2218933,130
117,-4.5374074,-2.4257498,8.54378,-3.5081654,-11.048794,1.9209499,-12.931433,-0.68044955,-15.690006,8.642407,-3.05224,-0.813323,11.124759,20.77903,2.584587,5.0640316,-6.8700066,7.3255024,6.599277,3.2756534,-13.645401,-1.1000426,-7.246214,-0.5054226,-7.4728713,130
118,-3.270266,-3.5804446,5.89526,-5.9526057,-10.650372,4.0006905,-12.80721,-1.1199281,-15.55533,8.729341,-1.976467,-0.78730106,14.387618,19.889545,3.1744173,4.825188,-5.766304,6.963166,6.983769,2.0907302,-13.307985,1.1574554,-7.522139,1.1785855,-6.104225,130
119,-3.5311284,-1.870531,8.172037,-3.766261,-10.642834,3.1767845,-13.426146,-1.7370105,-16.738623,9.677004,-3.4639812,0.20444298,11.331983,19.014862,2.025187,5.0311084,-5.495238,4.7832365,4.3469286,1.8564644,-14.285698,-0.43846393,-8.12884,-1.1221242,-4.9860525,130
120,-1.647055,-1.159119,6.1106973,-3.5693116,-8.929632,3.5174537,-11.420049,0.1051811,-15.462369,9.652639,-4.239707,-1.5522847,11.319157,18.289581,1.0779496,4.6589904,-6.1181693,4.852167,6.48291,-2.3363676,-13.383291,-1.2101231,-8.290632,1.1477399,-5.6003795,130
121,-4.725451,-1.4117417,6.455882,-4.5777345,-6.0904026,1.7853842,-11.870689,-1.2582467,-15.508931,7.5098367,-3.7100055,-1.2647696,11.446834,20.836407,0.9819763,1.7363969,-5.432399,4.3394613,4.890419,0.19805574,-12.66269,-0.08132458,-9.570385,1.1644282,-4.2996893,130
122,-4.053154,-1.4255288,6.3968406,-1.7649274,-7.121442,3.3558974,-12.54448,-0.930055,-14.9212885,6.6763973,-3.3411067,-0.79366684,10.814238,17.381992,2.0445757,2.9271295,-5.1235757,1.9802258,7.3189936,-1.9362593,-14.484385,-1.9088478,-8.935715,-0.29853344,-5.8458853,130
123,-4.351908,-3.9874456,6.8642955,0.9318776,-7.972371,2.827899,-11.600387,-0.4555754,-14.470264,8.522448,-4.2097206,0.7178354,11.741002,17.854683,2.022616,2.6903148,-4.546697,3.9854598,6.118604,0.51741886,-16.086998,-1.7557805,-9.509024,0.3464961,-4.9945908,130
124,-2.9896672,-4.6124296,5.037695,1.0618696,-7.731469,4.040911,-11.15558,-1.9074289,-15.012018,9.100873,-5.1022177,1.4777184,11.340617,14.721819,4.3661604,3.3538275,-4.798065,4.2720914,5.0100355,3.0303955,-15.2646885,-1.4539633,-9.939798,1.1169772,-6.4749784,130
125,-4.126871,-3.1468573,6.1935015,-2.238192,-5.164418,1.0777845,-11.536,-0.54584193,-13.076371,6.830681,-2.539131,1.6784096,11.283313,16.148272,3.3540006,1.7091141,-2.6107788,2.026998,4.5958633,0.78349686,-13.997623,-1.5263655,-8.877921,1.35495,-4.473754,130
126,-4.2747974,-9.148998,5.3489046,-2.0080366,-11.106345,7.7684903,-10.410462,-0.07575798,-19.891712,7.7134247,3.2740057,8.521519,14.717068,14.078472,3.3499064,2.6888905,0.7738819,5.369202,5.146825,3.9757645,-8.922855,-0.1760385,-8.432295,-2.3216393,-4.022401,130
127,-2.7967815,-3.8493247,5.5393686,-1.4067969,-6.6494865,3.7456927,-11.602305,-0.72993636,-14.386644,8.572659,-2.0345426,1.1235666,13.14632,15.734329,4.3605924,3.5962813,-3.9501376,2.2422478,5.524728,0.13947964,-16.667278,-0.27778125,-10.721817,0.4177475,-5.0085654,130
128,-1.7537382,-5.608039,5.825164,-1.731885,-7.944387,4.1863866,-12.8273945,-1.1601313,-15.022188,8.077934,-3.4042902,2.2787786,10.872883,15.912073,3.87808,2.044962,-2.3163257,3.119991,4.7441225,1.1497562,-16.679901,0.07893038,-8.506088,0.2143352,-3.2187881,130
129,-1.5375077,-6.6565647,3.972394,-2.7853537,-8.136586,5.003947,-13.631651,-1.845598,-14.267199,10.387348,-2.0800724,1.4411445,9.281226,17.799026,5.91759,2.1871543,-0.7066269,2.9661098,8.079884,2.0744808,-14.71975,-1.0742183,-9.225428,3.121006,-3.463509,130
130,-2.0880427,-4.825718,5.0483418,-2.9391365,-7.5300035,3.176313,-12.305607,-1.3414953,-13.695888,7.670311,-1.1936853,0.8187523,10.713035,15.663601,4.700941,1.1134818,-1.1253986,2.780168,5.7144647,1.2751493,-14.61359,-0.9196218,-8.294536,1.8605571,-1.7789862,130
131,-1.5968566,-6.5397673,4.4166718,-4.0030513,-8.84719,4.52067,-13.825541,-0.2807771,-13.26076,8.169744,-1.0397342,-0.47240686,11.33922,18.873304,5.7500167,1.0932612,-1.5989842,2.694024,6.6616507,0.32652855,-15.325034,-1.9741777,-8.532717,1.262165,-1.5074753,130
132,-0.42694607,-7.609433,5.24984,-4.505314,-8.041572,4.139044,-14.699557,-0.21524966,-14.31269,10.135747,-0.7172292,0.8755455,9.216591,18.0413,4.455263,4.213753,-0.9580116,3.0803468,5.0584445,3.2369952,-14.9487295,-3.9374814,-6.755812,1.6142943,-3.1784682,130
133,0.33033592,-8.3749695,6.908372,-1.4807329,-8.839568,3.339723,-13.519936,1.2440326,-14.319528,10.481257,-3.0484557,2.3179245,9.146486,19.271933,5.1612654,4.6764164,-1.4193764,1.3912027,5.8726773,1.3999214,-18.085644,-2.8862567,-9.099596,-1.126353,-3.2613502,130
134,-2.048603,-5.349983,6.4986773,-1.9031763,-6.8409967,0.51697016,-12.656609,3.8652484,-13.736523,7.2894816,-0.2819065,1.7898664,9.373419,16.73755,2.8472693,2.5853581,-2.8376265,1.9906979,4.392455,1.4001873,-15.234591,-2.311674,-7.7809134,-1.0686686,-2.422408,130
135,-1.3671213,-6.9798813,8.889345,-2.2744465,-8.9797325,2.4394188,-13.490022,1.5736294,-15.534521,9.056113,-2.5688665,3.274876,10.401209,16.918045,3.8320007,6.107752,-3.652094,1.9381115,5.2513585,3.8565304,-16.186522,-4.057992,-8.394947,-1.0373355,-4.6020374,130
136,-2.8695526,-5.0579042,7.469612,-2.6388803,-9.835324,2.681234,-15.533436,1.6257709,-14.300713,5.434848,-0.42344564,2.1407819,8.066756,17.638489,3.2541847,2.5571444,-4.1310935,0.5885732,5.982543,3.3907769,-15.875352,-3.519227,-8.966136,-1.7852333,-2.0722902,130
137,-2.8157666,-8.929943,7.4794216,-3.4398727,-12.559768,5.518781,-9.291736,-0.46751916,-19.66452,6.7658563,3.2559934,8.718643,14.867031,13.962091,3.8567274,2.9614308,0.21276212,5.1346655,3.7701008,3.5284505,-8.694857,-0.86594176,-9.4950695,-2.3587146,-4.683158,130
138,-3.1476889,-4.897819,6.967275,-2.760758,-6.1778154,-0.52933407,-12.68959,1.9210963,-12.886384,5.7020016,-2.3124943,3.6112218,8.942567,16.499784,3.2260375,3.4311564,-3.2533996,1.4890729,3.938502,3.1481876,-13.782628,-2.5812383,-7.5067472,0.872241,-5.761294,130
139,-2.439128,-6.495269,9.4640665,-2.0178423,-8.8835945,2.0410872,-12.041492,1.6942263,-15.853888,6.659218,-2.9011426,5.1715965,9.164272,18.535004,4.0653114,2.7655525,-3.369123,2.0231488,6.8517017,3.1016874,-14.506098,-3.3401058,-8.514204,3.1986985,-3.1259706,130
140,-0.79579556,-5.24781,8.557037,-2.0422382,-7.483021,-1.7529731,-11.849279,3.44589,-13.198732,5.7852173,-0.70906025,4.068157,7.667775,17.109257,3.0084891,2.5465252,-4.008516,1.6884116,5.090825,2.3543167,-12.883728,-4.874605,-7.724272,1.2167993,-3.975427,130
141,-1.2911634,-6.6169004,8.4566345,-0.19182587,-8.711735,0.60084677,-12.490171,0.68336296,-15.542996,9.554468,-4.2872877,4.904498,7.404855,16.287743,4.2118597,2.5420728,-4.800715,1.5767081,3.9739435,4.2287173,-15.100502,-2.696549,-9.627332,0.37099195,-5.1718144,130
142,-0.50925344,-6.71706,9.33531,2.0439644,-7.3168097,2.7455392,-10.600722,1.281104,-16.604723,9.508228,-5.0085506,3.92337,7.9967837,14.380096,6.0084686,4.0690985,-6.4975786,4.3069315,5.105877,3.9256973,-15.165607,-0.97965336,-9.949318,-0.6481813,-6.7068815,130
143,-1.7738143,-6.731437,8.298943,1.2258749,-6.9158773,1.3330722,-11.016832,1.9815156,-16.335402,6.992412,-5.8746533,4.2723,7.1677103,14.092158,5.0997915,4.113694,-5.9117274,3.71231,4.2661915,2.522942,-15.591774,-2.162652,-9.875677,-0.6688806,-6.5692577,130
144,-1.4684978,-4.1459846,8.6170225,0.17819786,-5.9916215,1.2192278,-11.210409,-0.038522065,-15.52917,7.1935606,-5.7588544,3.1873147,8.600975,15.128212,5.4396787,3.5241413,-7.2245474,3.8237076,5.6974273,2.301395,-11.695715,-2.512525,-10.20192,-1.0759652,-5.8745418,130
145,-1.2741902,-5.3465743,7.505676,-0.76142025,-5.1093216,1.0131483,-12.232229,2.3179238,-14.548314,6.171981,-3.9292634,5.5588665,8.538813,12.781919,2.9436626,4.0172586,-4.7690063,3.4456592,4.1144924,2.3437,-14.111351,-0.42074013,-9.990934,-1.8158112,-6.963367,130
146,-1.2267704,-6.3166027,8.453891,-0.6324682,-6.543681,2.2910676,-11.561554,1.8148823,-14.604586,8.883836,-3.6376047,4.831663,8.456171,13.914145,4.4406013,5.4871383,-5.9936333,4.345824,4.364744,2.9578025,-12.875572,-2.2264142,-9.459664,-1.3428243,-5.0449834,130
147,-2.925133,-2.080782,8.54959,0.20304394,-7.1268115,0.6819892,-14.884182,1.9431045,-16.494738,9.085143,-3.1826975,2.9366393,9.64139,14.0905075,3.8662515,7.465161,-6.0372753,4.029079,4.765592,8.626235,-10.689058,1.1637497,-7.7208977,-3.7269697,-6.687008,130
148,-2.590366,-9.571611,7.2522883,-3.1563206,-13.014683,6.9760437,-10.822456,0.76554906,-19.366646,7.880032,4.782131,8.861473,14.783823,15.924406,4.077816,1.1059175,0.7504277,5.57646,4.388235,3.6468842,-8.838673,-1.6710141,-10.425061,-1.6258458,-4.713191,130
149,0.87867975,-6.250308,8.068745,-0.4683714,-7.285185,4.040509,-10.759673,1.315478,-17.303709,9.166961,-3.2133148,3.1036396,8.753155,13.948198,3.928269,5.936621,-5.5494337,8.953915,5.554909,4.656851,-9.733736,-1.0257115,-7.263794,0.96570957,-6.5743575,130
150,1.4416993,-5.910721,8.18028,-0.77717495,-6.5840664,0.6657448,-10.838205,2.7581062,-15.398405,8.436505,-2.3743951,3.605093,9.216536,15.932612,3.7173362,4.800873,-6.346201,6.87568,4.3521667,2.556675,-10.848975,-1.5728027,-7.9701896,-0.62737966,-6.1649985,130
151,0.9478619,-3.7867332,8.543751,1.0475979,-5.9872313,1.0319552,-10.904178,3.9004455,-14.955755,6.7313814,-3.6870813,3.159634,9.440039,15.150754,4.433416,4.603081,-6.997634,5.023827,5.0680127,2.0736873,-12.681333,-1.272378,-8.59416,-0.40458524,-5.530991,130
152,-0.31849188,-4.667015,9.038362,-0.089113235,-4.727228,0.9336815,-11.228978,4.3302107,-16.646645,7.031947,-2.2248924,4.613984,9.059543,14.390949,4.4376616,5.643105,-5.5426598,5.8313212,2.8531342,2.3508427,-11.117264,-2.0690477,-7.8609877,0.2101903,-5.1880994,130
153,0.23739547,-4.810305,10.764321,-1.1235466,-7.6652226,0.73784494,-13.629837,3.2192729,-16.825726,7.309911,-3.2098584,3.8280854,10.699682,15.615864,4.782354,7.331566,-5.4601097,7.0388856,5.389852,5.3749723,-11.161634,-2.7420602,-6.865679,0.90282047,-6.1618323,130
154,-0.0044968724,-4.8499327,9.63105,-1.3685637,-7.6598415,1.0914898,-13.531834,3.1516838,-14.522647,7.1659594,-2.1187794,4.3239503,10.361211,17.527353,4.9920382,7.1615286,-6.205537,4.320694,5.2016306,4.3840547,-12.0251255,-3.0126197,-8.297091,1.3085122,-6.19854,130
155,-0.0046302676,-4.5989323,8.952323,-0.8675318,-6.216054,-0.3305707,-11.571398,3.1652756,-15.277329,7.04237,-1.7169404,3.151637,11.950223,14.284088,4.419265,3.855179,-4.0650225,5.4429164,4.1722646,4.9821134,-10.363076,-2.365497,-6.3068037,1.9179327,-7.05284,130
156,1.4304591,-5.3079634,10.21177,-0.70706177,-7.4528246,0.9887595,-11.244235,2.6444917,-15.178501,9.567956,-3.6701672,1.146069,12.046526,15.773081,4.1843777,4.0192823,-4.429942,3.7666092,4.0747724,3.2108984,-9.1882515,-2.1119375,-8.185418,1.1101292,-4.750144,130
157,0.91869605,-3.4623444,9.220504,-1.9714079,-6.6167974,2.9380999,-12.618626,1.5643009,-13.692356,8.203078,-3.178884,1.2674856,10.791202,14.462261,5.7421684,5.487386,-5.9501805,2.6742687,3.9752948,3.9512014,-6.9360414,-0.7503897,-7.8761406,1.4345812,-5.035711,130
158,0.2260558,-4.6169333,8.123396,-0.3735094,-5.376963,0.755723,-11.406317,2.282204,-13.7242775,7.503061,-3.329532,-0.6113949,12.279297,14.109795,5.212978,3.7781935,-5.455155,4.2922525,4.345934,3.2525954,-6.8014107,-0.60121596,-8.849962,1.6160562,-4.0912213,130
159,-2.1595998,-10.419727,6.191146,-3.2034626,-14.153428,7.535676,-9.302137,-0.46803415,-20.08715,8.278735,2.603105,8.094067,13.75037,14.813673,4.1732407,2.313847,0.6673374,4.171266,4.836833,3.6586304,-8.683659,-1.2637744,-9.640995,-2.5108566,-4.410274,130
160,-6.338204,-8.890623,10.131235,-1.7998085,-11.418722,6.1380215,-10.357982,1.7635603,-18.285854,9.866357,1.4520909,10.388223,15.326552,17.40773,3.9362707,2.3526924,3.3630872,4.10801,8.74261,7.576171,-9.460878,-1.9986634,-9.682926,-0.5993037,-2.49103,130
161,-0.569248,-4.780548,9.35531,-0.99408627,-6.632705,1.440103,-13.6749935,3.7514462,-14.8836975,6.144088,-3.1030478,2.067348,10.903227,14.230015,5.590009,4.376676,-4.4647017,3.2959366,4.3697433,4.0024595,-7.358155,-1.4167465,-8.843935,3.1270502,-4.5955453,130
162,-0.9619881,-2.017325,8.846399,-2.3957233,-6.416809,1.7528868,-15.183973,0.029257536,-14.606336,7.969428,-3.3639417,0.64792585,11.399087,15.330781,7.7500257,4.308623,-5.8406305,1.9227524,2.7215302,4.361255,-6.6695986,2.3582659,-8.4712715,0.5748378,-4.5787187,130
163,0.27013427,-3.88027,9.848518,-0.75027275,-10.974174,2.809278,-13.832673,2.3089411,-14.705013,9.779346,-4.0151196,1.1892872,10.563382,16.331085,6.4511337,5.2676945,-6.3215857,1.5924497,1.954351,2.9270859,-7.250327,-1.4513693,-8.818912,2.500247,-2.5631754,130
164,-0.30855143,-3.5744643,10.809488,-0.82237816,-9.066048,3.7974968,-13.387482,0.9084519,-16.23592,9.435604,-5.045583,0.12900877,12.649107,14.010323,7.72639,5.219946,-3.2856464,3.584348,0.9880479,4.705264,-5.983036,0.032493114,-9.608192,3.2220104,-3.5787418,130
165,-2.2946043,-2.4096117,8.619196,-0.43638992,-7.1764655,1.3549953,-13.473576,-1.1326083,-15.584599,7.716771,-4.054585,-0.8649616,13.030039,15.126581,7.6838617,4.6098876,-3.4961605,2.7394657,2.3978841,3.2184424,-7.4534845,0.39942038,-11.268102,4.0524707,-4.117285,130
166,-0.5127288,-2.0710115,9.654713,-1.6258049,-7.0099783,1.2869601,-12.679891,-0.97043824,-15.948418,7.4465923,-4.267392,-1.7664089,12.529793,13.423166,7.798894,3.3829877,-4.3678966,2.6760168,4.53351,3.7474415,-6.558101,-0.35613775,-10.475706,3.4569368,-3.4724307,130
167,-1.029895,-2.084272,8.464055,-1.3086214,-8.009849,-0.085958004,-11.932077,1.7016435,-13.710517,6.3258944,-4.224951,-1.5064783,12.024902,12.375409,8.539903,2.8388095,-4.8378077,0.8552389,2.2506344,4.4901443,-7.939021,-1.0062647,-10.173943,2.4850817,-4.95229,130
168,0.17045712,-3.1816287,9.922059,-2.6588135,-9.350697,1.7037644,-14.868048,0.6081251,-14.892263,7.975687,-3.6887875,-2.0701213,11.7624855,16.538181,8.323242,4.096127,-5.0270023,2.2321944,2.8810372,6.713784,-5.8112655,-2.161045,-9.226135,4.641926,-2.7891412,130
169,-1.2534616,-2.3276763,9.415182,-2.141882,-6.082552,1.2929626,-12.597619,3.6580904,-14.910465,5.419116,-2.8076534,-1.9420714,10.808913,12.466143,5.132271,1.5947571,-4.5111403,0.7406986,3.2512627,1.8592806,-4.4096575,-3.134094,-11.442625,4.4506497,-2.0612214,130
170,-2.624685,-3.0408952,10.662793,0.21783447,-9.820901,2.502676,-12.218468,2.1195729,-16.007635,8.33892,-4.64018,-1.9312291,10.557627,11.343857,8.61173,5.292204,-4.6956706,0.6043949,0.23685408,6.9181657,-6.836293,-0.4158939,-10.574029,2.5416143,-2.8384295,130
171,-2.1763716,-9.366542,7.044228,-3.1458387,-11.632763,6.187076,-10.519439,-0.20338523,-19.809893,7.753215,3.685666,7.9404144,12.49651,14.670569,3.6638808,3.9774768,0.23121381,2.9754663,3.9765851,3.931533,-7.958168,-1.1662488,-9.844366,-3.1010957,-5.2145557,130
172,-1.8320318,-2.2666693,10.161978,-0.4712572,-11.084747,2.4417162,-12.504309,0.8092377,-16.854176,6.9103904,-3.5117087,-1.616704,10.011177,15.254418,7.8434644,5.301289,-4.0948706,2.5853415,2.3822439,6.288641,-6.4682837,-1.2191591,-8.987907,5.2050505,-3.875895,130
173,-1.6236191,-0.32400596,8.65361,-3.4329748,-6.321248,2.4521036,-15.516615,-1.8799161,-14.86808,8.291762,-4.078367,-4.6049757,11.82729,12.572149,9.085886,7.3825235,-7.4588823,2.5749497,2.801076,6.4682417,-4.683422,3.2528143,-8.70237,1.8510779,-3.8504303,130
174,0.12592715,-1.2879007,10.974243,-2.0362778,-9.488425,3.8606849,-13.390112,1.2618413,-16.13829,7.9526186,-2.6859312,-0.18508387,9.599969,14.474363,10.29659,6.121719,-5.6873784,1.7081285,2.3079538,6.8525457,-4.581526,1.7223521,-8.943003,3.2045898,-3.918896,130
175,-3.9856431,-0.31432718,9.359001,-0.4989891,-4.074235,0.25313473,-13.786183,0.74187016,-15.301765,9.258493,-2.603345,-2.4762826,9.364392,13.2633,8.609931,7.5650635,-5.226892,-0.96427846,2.947204,5.4508467,-6.182931,2.7163162,-8.233759,-0.621711,-5.0557466,130
176,-0.37740004,-3.5243587,11.198761,-2.3285723,-9.507088,1.3664556,-13.93824,0.168823,-15.63716,7.844836,-0.7078554,-2.028377,9.153753,14.547764,7.883387,7.80459,-4.801706,2.1840885,3.0349016,6.1184535,-2.7901802,-1.2659605,-5.6972775,4.272084,-4.6229753,130
177,-1.7296531,-1.5786674,11.19957,-1.0757093,-6.5083756,1.3075533,-14.48167,-1.0047252,-15.122528,6.55346,-3.377392,-2.6953616,12.651316,14.7003145,9.000974,4.2880883,-6.6973386,0.95116043,1.6881431,3.4431977,-5.804831,1.2132134,-9.84568,4.006669,-4.5496817,130
178,-0.9064723,-0.2601792,9.257139,-0.59265137,-4.767723,1.912303,-13.720444,-1.8059695,-13.761912,6.16848,-2.8801756,-2.043333,11.428844,12.788491,9.174909,5.083344,-5.212818,0.59376216,2.1201563,4.00159,-6.769602,2.1606429,-9.528036,0.7720195,-4.4300485,130
179,1.0082394,-1.2002528,11.922394,-0.2849121,-5.9491663,0.3436551,-14.177914,-0.8943392,-15.797996,7.5833864,-2.627515,-1.5444398,12.3876505,12.241436,10.226098,4.5612726,-4.162078,2.2116146,-0.55814815,4.7511606,-5.925966,1.9063472,-10.1491375,3.1077385,-5.2911763,130
180,-0.19347763,-3.0294447,8.973762,0.5706415,-5.885541,1.7505069,-13.218401,0.011342883,-16.779142,6.767961,-3.223947,-0.6231003,12.422486,13.051543,9.791047,4.3732452,-4.906622,2.2083874,0.100910544,4.568971,-6.8859253,0.8948803,-10.062763,2.4918299,-3.9966502,130
181,-1.4981878,-4.2333436,10.960602,-2.4344006,-4.3156624,3.7557006,-17.033915,-1.0448354,-17.507744,6.4948044,-2.0175524,-0.47239208,12.4893465,15.878394,8.782017,7.6541653,-5.980989,4.2363486,2.5212321,5.029012,-5.658209,3.296704,-9.053975,1.9521824,-4.968315,130
182,-4.5682573,-7.380691,5.1428022,-1.8709936,-8.548414,7.7030654,-9.722328,2.9576263,-17.51522,6.9754567,3.1471252,8.054723,12.945542,14.621875,3.820095,3.6016312,-0.34782314,1.8206432,5.3240595,1.640916,-8.012598,-1.8431711,-10.955986,-2.245541,-3.7385123,130
183,-2.624361,-1.3505967,10.220976,0.4577589,-3.8612275,3.3387613,-15.572407,-3.1808357,-17.873842,6.4461627,-3.7388551,-0.096083164,11.63996,16.3129,10.398697,4.629044,-6.193652,1.9446175,2.54392,5.5284142,-5.72964,3.9109619,-11.524569,3.4548197,-4.8591433,130
184,-1.9729172,-0.4444561,10.583597,2.165186,-3.8890305,3.601409,-16.487993,-2.2103627,-17.732252,8.550799,-4.993903,0.042931557,13.326004,14.778614,10.745261,5.5686116,-5.3556437,0.9644084,0.17583728,5.459641,-7.6735687,1.9460323,-10.251369,2.6309524,-4.3504295,130
185,0.054354906,-1.337142,10.469273,0.21126175,-3.9796438,4.5978928,-14.83764,-3.6191034,-14.293622,9.18889,-4.052986,-0.26946354,14.136468,14.3534775,10.005879,3.8860266,-4.2879286,2.3758435,1.207953,4.86985,-4.6445127,0.9786837,-10.666847,3.4359803,-3.8382442,130
186,-2.3229117,-1.0353652,6.2807055,-0.22729397,-3.4840512,4.0181975,-12.991552,-2.6883993,-14.638987,7.7344103,-3.384719,0.62718916,13.151585,12.960375,9.844609,5.540743,-6.2307096,3.2258532,0.49249434,4.522296,-5.454555,1.240754,-10.603382,1.3057985,-2.9802842,130
187,0.58753186,-1.8878467,9.560524,1.1763067,-5.683969,3.946166,-14.62332,-4.307589,-17.275343,9.206755,-5.0634465,0.05482769,16.048561,15.932353,11.841057,4.797567,-5.7618456,2.1383176,1.6626216,6.602533,-5.498722,2.045792,-10.607024,2.710926,-3.8083394,130
188,0.4718212,-2.9269662,8.7458105,1.2375822,-5.079049,2.8587976,-14.037181,-1.8500274,-16.485767,9.245557,-5.5881424,0.5340371,14.822112,14.859139,10.426647,4.2363243,-4.480418,1.4681182,-1.2508192,5.718433,-4.5792785,1.4790819,-10.786533,3.1289856,-4.533679,130
189,1.5137951,-2.6998568,8.052489,2.4413223,-5.1576657,5.9526434,-13.116599,-3.3725328,-16.300016,9.649986,-3.0241618,1.322578,14.967031,13.890442,11.940022,5.164874,-3.5484486,5.555108,1.6671259,5.4874167,-4.7613792,1.2193401,-9.530922,5.3802533,-4.826408,130
190,0.5712494,-2.9884865,6.227435,2.3168297,-4.1458535,5.6823816,-11.887213,-2.5709338,-14.743477,6.992525,-1.9836456,-0.07689762,14.727573,13.427315,10.943922,2.0527537,-2.3814015,3.8587577,0.26029348,2.9086447,-4.2991357,-0.081952095,-11.097305,5.610492,-3.9528604,130
191,0.69441795,-1.3730451,8.587385,0.64336395,-2.298293,6.975107,-16.088707,0.84778714,-14.62094,10.374139,-1.7631248,-1.2470188,12.041434,15.482281,11.059805,4.4371595,-4.9407864,3.4655373,2.0249119,1.9621742,-4.515711,-0.13667655,-9.217349,3.3761034,-4.612561,130
192,2.1499195,0.05225098,8.877637,2.7242231,-3.305879,6.4889107,-16.789223,-1.7158837,-14.293178,10.480349,-3.4164658,-1.2538366,11.998581,15.547928,12.538167,2.5888424,-3.969163,1.1586294,1.2441783,4.467905,-5.0452766,-1.0167369,-10.22505,4.388506,-3.8816664,130
193,-6.051273,-8.261448,9.292311,-1.3448391,-8.322547,10.543679,-12.242487,1.250365,-19.945364,10.454396,2.5794563,5.8727264,12.983117,16.0806,4.0772476,2.763288,-2.4861567,3.8756008,9.445811,2.9232538,-8.348087,-1.6980889,-11.24047,-2.8258953,-5.5461836,130
194,0.3687606,1.0228192,8.297957,1.9987411,-2.357211,5.2364154,-15.379526,-1.2776424,-16.249058,8.945011,-1.7759776,-1.5281758,12.294488,14.330759,11.44227,3.0569406,-1.4855871,1.078305,2.653291,2.5751414,-4.1768713,-1.7168807,-9.012432,3.350038,-3.7096822,130
195,-0.42882586,0.32322264,7.293399,0.5214815,-4.1754203,5.717282,-13.779804,-0.57791615,-15.187556,7.39995,-2.894456,-2.478644,15.736143,14.645052,11.346319,2.9997153,-1.8006206,1.0812991,0.5778699,-0.00033903122,-4.3257065,-2.6489327,-9.522064,4.6390967,-4.686812,130
196,1.7553269,-1.095514,6.3103237,0.15531826,-4.2404256,8.119015,-12.7725315,-1.086223,-15.673012,6.5389495,-0.9609214,0.025117874,13.796199,13.873469,10.533409,3.3129947,-1.3963366,4.5464296,3.6055207,1.9516139,-4.1516514,-1.9547116,-7.767787,5.1587243,-3.834704,130
197,2.4841728,-3.4513464,6.6334476,-0.18547249,-2.1165454,8.249789,-15.284649,0.33200932,-15.245958,7.0238357,-1.5506586,0.018472672,15.880763,14.207321,10.419983,3.1673267,-0.1319251,3.7516809,4.3046055,0.6876769,-4.8327627,-1.1191909,-10.294714,4.691143,-3.94576,130
198,1.5617568,-1.405875,7.4086146,-0.73819923,-2.7882528,7.35054,-14.828104,-3.0774164,-16.815422,8.060043,-1.8327214,-1.4288082,15.447203,14.132657,11.823195,2.5143118,0.12823582,3.5491066,3.5302205,2.9463658,-2.3100917,-1.3146527,-9.4150305,4.3275557,-3.3352156,130
199,2.606743,-3.1923494,6.9323187,-0.8441763,-3.1579075,5.991258,-13.771915,-1.4772032,-17.160645,5.801224,2.5536733,0.12022638,14.498313,15.345659,10.817134,2.7034938,1.2717857,5.8653812,4.2866516,1.2947049,-2.6420398,-1.9565338,-7.957809,4.8090982,-5.5353184,130
200,1.8409195,-2.3632596,6.829634,-1.0285549,-3.180788,6.3796635,-15.372194,0.11682367,-16.339499,6.888008,-0.088866174,-1.765852,14.326807,17.310232,10.95676,1.1708498,0.029455662,3.3455985,2.941052,-0.28418398,-1.4809928,-1.3340245,-9.898241,4.038374,-3.6585288,130
201,2.1402717,-2.641726,5.36953,-1.5338192,-4.8269954,5.84227,-14.949326,-1.5780236,-17.429256,7.2728252,0.7183015,-0.3829136,14.428501,17.266987,12.08803,0.4831543,-1.7508683,5.2266207,2.1863234,3.225112,-2.030128,-2.5250766,-8.980831,7.0863204,-2.3594742,130
202,2.9639544,-3.6618161,4.2931366,-0.8258543,-3.9558396,5.4501452,-16.460321,-0.92854345,-17.628565,6.720136,0.18014476,-2.9858003,14.199567,17.894775,9.390342,-0.6226499,-1.0660524,5.1010427,2.9893167,0.66607094,-2.4057941,-4.0679626,-9.805552,8.172085,-1.7430881,130
203,1.506724,-4.338167,4.4325867,-3.8785915,-3.9254003,4.53269,-14.949253,-1.3657289,-18.896105,6.950014,-0.87479186,-0.45681906,16.114626,18.39897,9.962372,0.5942142,-2.2865481,8.129899,4.788104,1.8496389,-0.28792477,-0.44682264,-7.8322954,8.129103,-1.6748965,130
204,-5.553527,-6.2795405,5.2355676,-0.48341846,-13.064157,7.4538746,-11.26263,0.27143753,-19.495274,7.4996595,3.3571792,7.270932,12.431957,15.415241,4.087422,2.0679586,0.04611349,3.922173,5.9156356,0.5252216,-8.59059,-1.7428727,-9.034369,-3.7654762,-4.287593,130
205,2.4428658,-3.417169,4.8153033,-2.7572079,-4.0137186,6.5447016,-14.679915,-2.4472775,-16.668922,7.1703014,-1.3716803,-1.4111214,17.674566,18.986645,9.016231,2.3468144,-0.76593685,5.755189,4.031369,1.0317593,-0.30520844,-1.3055433,-9.290978,4.8990736,-2.5700488,130
206,1.3585969,-3.8130627,3.9876094,-3.9245248,-2.247778,5.0678644,-13.527422,-2.0866494,-17.116577,5.4232473,0.25812262,-0.16739559,14.972508,16.940056,8.046961,0.46648502,-2.1451926,6.5134125,4.471982,3.4397638,0.45918775,-1.3444387,-8.470027,6.385832,-2.025196,130
207,2.4445238,-2.4303932,1.92456,-2.6998158,-5.5929284,6.5277357,-14.683494,-1.8087565,-14.59375,5.339284,2.6262524,-3.219685,16.104465,18.834179,8.775004,-0.18887854,-1.076561,4.975677,2.5337207,0.5922618,0.50690126,-3.282387,-8.0657,4.886018,-1.6636667,130
208,1.4398303,-2.684103,1.0927349,-4.145991,-5.772243,4.6603928,-12.536434,-1.5362251,-15.3950405,4.5932064,2.3065217,-2.0988145,15.214814,18.552664,8.909623,-0.33709455,-2.500043,7.198747,3.8717728,1.0918336,-1.7404366,-2.2304952,-8.419195,4.434864,-0.3739977,130
209,2.5617864,-1.3862693,0.846524,-3.5559778,-5.5921226,5.96877,-12.904548,-1.6960822,-16.809898,3.5658596,1.4622867,-1.3354292,14.123269,20.410913,8.164598,-2.0949748,-0.88506556,8.2128725,2.8554833,1.3251605,1.360686,-3.2074249,-7.6327677,8.958684,-0.4013765,130
210,2.4050317,-0.73853016,1.0083203,-5.353461,-2.1384578,5.031107,-13.655825,0.25398636,-14.324561,6.4754105,2.2134247,-3.77633,14.517734,20.03117,6.7299633,-0.79025316,-1.8800149,5.8010626,2.266059,-0.04662037,1.4626787,-2.0328326,-9.013602,7.6201544,-1.908152,130
211,1.5109814,-1.7187811,1.2377906,-3.2963152,-4.004162,7.9439135,-15.92012,-1.0806795,-15.339788,5.431922,-0.8909013,-2.4165845,12.868455,20.501793,8.684746,-2.3115053,-3.3261251,5.6337757,1.0221026,1.5087948,0.3399105,-3.798101,-8.874992,8.151596,-1.7554597,130
212,1.8205113,-2.691422,4.1630163,-6.694359,-4.594181,7.535323,-15.544928,-1.2272426,-15.467871,9.162327,-0.9373007,-5.5919394,18.26889,22.20826,8.446712,0.07567072,-6.534576,6.492677,5.1560903,-0.9842768,0.13864994,-1.3232129,-7.4639397,7.709673,-2.368164,130
213,3.2528,-0.8801935,5.69009,-6.320695,-7.0248814,8.767857,-16.627916,0.09974539,-15.086516,8.099597,-2.5474157,-5.801539,17.161505,23.046211,8.445388,-2.4616113,-3.538454,5.2557793,-0.022244692,-0.045327187,1.080086,-4.4170594,-9.484541,7.245942,-3.076157,130
214,2.0233831,0.22462344,4.8792753,-5.5129957,-5.8427334,6.6879606,-17.48865,-3.2412775,-17.20309,7.299058,-1.8617892,-4.923,17.357994,24.123425,7.5639305,-2.895306,-4.844839,5.8368015,3.2731376,1.8230753,-1.8912351,-1.7114948,-8.16693,8.522052,-2.8019905,130
215,-5.6890206,-5.8133335,5.3431025,-1.1854696,-12.859653,6.894928,-9.463001,-0.52856493,-21.995596,8.512311,2.114596,7.409955,13.587303,14.688982,2.7405014,2.3317184,1.1537151,2.500348,7.464398,2.6158879,-8.524635,-1.2070649,-10.712489,-1.9270461,-4.1972847,130
216,2.8418903,-0.71192074,4.390172,-6.021619,-5.6192765,8.579189,-16.451077,-5.28035,-17.540827,7.6148057,-1.7603871,-5.3243027,16.65704,20.876387,9.094416,-1.6274767,-3.3818994,4.6241875,2.440677,2.933124,-0.2268877,-1.1786696,-8.215301,6.0754857,-4.1302905,130
217,3.789679,0.60837555,5.0885797,-7.837802,-5.9212713,8.3088455,-15.008055,-3.2495344,-16.584793,9.312593,-1.6386176,-6.3774543,21.101385,22.813824,8.1228,-1.2849355,-4.676364,6.941338,2.8316045,2.1622982,-1.3482752,-2.580142,-7.563893,5.5488553,-2.88867,130
218,2.8060756,-1.1768568,4.5664887,-6.302925,-5.3405523,8.702858,-14.120268,-2.6189203,-18.71544,7.184473,-1.7363588,-3.2245736,16.846367,21.271317,9.055989,-2.034242,-3.0173373,8.304604,-0.22782636,2.8329196,-0.77883315,-2.2795758,-8.792053,6.7436395,-3.6842833,130
219,2.28981,-0.9038955,6.8527026,-5.377833,-7.309979,9.127885,-17.384325,-5.2372794,-22.523127,10.447694,-2.5449634,-2.1440625,17.573133,23.49699,9.055892,-1.2515695,-4.826939,8.199529,0.3029729,4.282335,0.33097982,-2.0388768,-7.7475095,8.320566,-2.304091,130
220,3.6631875,-0.81957245,6.678874,-5.354053,-5.6475215,6.8159,-15.6117935,-2.5011039,-22.436626,8.395931,-1.0151805,-0.75114393,15.99319,22.917406,7.739169,-3.4255714,-5.4528875,7.0661077,-1.8752475,3.0815182,1.8770745,-1.6764612,-10.146122,7.5163593,-3.5841696,130
221,2.108261,-0.60323095,7.154332,-5.7402635,-8.079339,6.4197507,-16.677076,-4.362823,-20.754211,10.188907,-1.1410018,-1.6323524,17.102108,21.419962,9.833531,-0.98672366,-6.42153,5.813093,0.4146762,4.173728,-2.5881133,-1.5672035,-8.804705,5.442807,-4.2726345,130
222,3.2018595,-0.45253074,6.3144226,-5.693075,-7.343132,5.2014685,-13.358221,-3.3473427,-20.38687,10.244973,-0.231915,-2.2266436,15.187331,21.474537,8.047203,1.3617616,-7.398272,6.553293,-0.99342203,3.174552,-3.1313562,-1.2786243,-8.0922165,5.556233,-3.8712804,130
223,1.4658952,1.0322082,5.2810993,-6.434503,-6.1981707,6.10943,-14.647232,-2.1905308,-19.463806,10.484033,-2.2034593,-0.018273354,16.094324,20.404778,5.8800707,-0.8404999,-8.104429,8.6795025,0.96971774,4.150634,-1.2781007,2.0166457,-7.9938173,6.807664,-2.457234,130
224,0.8114486,0.26055503,4.004011,-8.065858,-7.336703,6.068885,-13.568947,-2.571949,-21.637482,7.2909966,0.045274198,-0.3199792,16.631935,20.626364,7.344119,-0.18314743,-8.338946,8.253938,1.8095092,4.2809324,-2.970951,1.0536213,-7.0617647,7.9553785,-3.3800316,130
225,0.9354867,-1.405039,4.904313,-6.4147987,-8.780704,7.2353573,-14.960886,-6.212178,-23.103552,10.934782,-0.41850585,-0.44055462,15.406679,19.949577,8.064176,-1.0950022,-6.6876297,8.852892,0.6931157,6.3710155,-2.5697498,-0.54853153,-7.3254952,7.998411,-3.8289554,130
226,-5.6395054,-6.3429413,8.26876,-1.8855419,-12.309353,5.708384,-9.198813,-0.4604416,-21.197046,8.736839,3.9311194,7.732303,12.8694,14.96233,2.9935675,2.7067125,0.32483435,4.8362074,6.629833,0.23755574,-9.34523,-1.3197198,-8.839438,-2.9261646,-5.4328003,130
227,0.7010056,-0.9022894,6.11164,-5.903868,-9.285721,6.082747,-13.341415,-5.4372797,-22.599056,9.401905,0.99605,0.7762933,14.770835,20.893143,7.4277487,1.7452445,-6.935439,9.851642,1.1394314,6.837717,-5.1286173,-0.08918214,-7.5103245,6.807005,-4.8663025,130
228,1.2362716,-2.2506046,6.3412848,-7.3948956,-8.226927,6.513446,-12.527617,-4.4130373,-23.201736,11.04307,-1.1602495,1.8860445,15.257456,21.743694,5.5832977,2.4196525,-6.2291684,9.670052,2.8621378,7.3546896,-3.1355927,1.5835559,-7.9085865,7.807523,-3.3163311,130
229,-1.0616896,-0.29651093,3.7360747,-8.716721,-7.2930593,7.168947,-12.034168,-3.6536043,-23.246172,9.534543,-1.8561406,-0.27129364,16.2668,19.34093,7.053667,2.4879732,-8.800413,9.5120125,3.2613533,6.7640867,-7.0529137,0.16524982,-6.6260567,4.2956867,-2.026141,130
230,0.34157926,-2.188894,6.125483,-8.903084,-7.8256416,8.674746,-12.290722,-5.632945,-23.970097,12.426481,-2.3258183,-0.5104232,15.704689,19.08824,6.5624604,0.8594377,-7.041915,10.7601185,4.036084,8.195087,-6.2924085,-1.1635041,-7.754588,5.8213243,-3.7263446,130
231,0.82735604,-1.1497616,5.8699007,-8.656225,-8.138034,9.814968,-13.066374,-4.046463,-22.543438,11.8944645,-3.8827655,-1.2317281,15.884651,18.70734,4.934129,0.43689346,-7.5894446,10.553812,5.1469717,6.6213245,-6.1573057,-0.407084,-8.201253,5.820683,-2.3259168,130
232,0.024715297,-1.859095,7.2349625,-8.830401,-8.196266,6.551849,-10.163182,-3.1631722,-19.794428,10.39615,-2.0717397,-1.2703104,14.259126,18.73699,6.258745,0.4292853,-6.9041734,10.21737,3.9508533,6.999415,-4.389259,0.6974106,-6.0867653,6.3522906,-4.6810045,130
233,0.47009283,-1.6080741,5.458025,-9.7585125,-8.4760065,8.087988,-9.79002,-4.7709246,-22.516712,11.836012,-2.1900773,-1.3581796,15.151888,18.40138,7.135898,0.21458292,-8.173897,10.67672,5.802994,7.4176583,-4.172868,1.4327271,-8.264139,7.018853,-1.9320613,130
234,0.29857308,-1.850081,5.019549,-9.41114,-7.528884,7.2757215,-9.838541,-4.3906307,-21.990646,11.585909,-3.000219,-0.5741968,13.810436,17.518593,4.5059814,1.6019654,-7.0846863,8.888208,5.3208256,7.4261475,-4.8132663,1.2497315,-8.092532,5.362287,-3.6790051,130
235,0.41783974,-4.814937,7.5008626,-9.462978,-7.7113075,5.5792646,-9.874533,-4.1154065,-21.875732,12.263717,-2.6372604,1.6338143,13.305083,18.980299,5.1283674,1.521882,-7.1745796,8.320453,6.7765436,8.993444,-4.4076443,0.9293809,-10.253838,3.2021418,-3.3708131,130
236,1.0507181,-3.7278996,8.783289,-8.47476,-9.036646,6.932162,-10.340328,-3.282377,-22.194105,12.315601,-2.247348,0.8181238,13.691058,19.34594,4.757988,0.5631771,-6.6311398,9.870947,5.3154397,7.7302947,-4.3252106,0.6563842,-9.319085,4.615602,-2.8956833,130
237,-2.8099356,-8.589218,6.6345882,0.02690506,-13.644048,6.5086737,-8.741525,1.2706597,-20.973286,7.435862,3.7027087,6.0729914,13.060249,13.683821,3.7083678,3.0377445,1.0798552,3.4154854,7.6768827,0.9178705,-8.108494,-1.8173091,-11.291142,-1.1645949,-4.7799845,130
238,2.5995688,-4.1053863,6.2954736,-7.4980006,-8.853542,5.9061823,-8.573565,-4.1547318,-19.803703,10.486668,-0.8170276,0.50567055,13.11684,18.842539,4.7902346,0.7954011,-5.4931016,8.94816,5.0583024,6.457682,-3.5528407,0.9597256,-8.743019,3.8756814,-3.6481068,130
239,1.0786206,-3.5475345,7.930069,-8.71664,-8.767822,5.168787,-9.032994,-2.9761755,-18.690813,9.093119,-1.0361032,-1.13273,14.661148,18.134693,4.7565823,0.6605339,-4.611575,6.942481,5.7132874,6.0107365,-4.0754814,0.34958816,-8.999683,1.6650869,-3.8170376,130
240,0.52906936,-2.579087,7.7127,-9.039152,-9.033809,6.4050207,-9.367124,-3.7230039,-19.026733,10.846435,-0.10439938,1.0372982,14.146707,17.518108,6.4311676,2.364595,-5.298945,7.2230663,5.9560122,6.2858663,-3.6606445,2.1057925,-9.109608,3.5012133,-3.5364728,130
241,-1.2531691,-2.6219552,5.266913,-7.6926436,-7.011683,4.779333,-9.4117155,-2.887879,-19.16552,6.1428123,-2.4692488,1.2747993,13.9428835,19.106216,3.9047353,1.9744775,-5.0730376,6.7786665,5.8010087,3.4038417,-3.5872052,1.7802935,-9.050669,1.4548652,-1.2507535,130
242,-1.2968231,-2.951092,8.22856,-7.693697,-8.93494,5.044216,-10.943632,-5.1547747,-20.109163,9.574466,-2.49891,2.4593554,14.198028,18.337074,5.859309,4.7904153,-6.1538944,8.2574625,4.125046,6.062284,-3.4354777,1.3893826,-8.841772,2.927494,-3.8210008,130
243,-0.82012564,-0.7796509,7.799665,-6.3841515,-4.9821663,3.5175524,-8.578413,-2.8874745,-18.209532,9.520931,-2.1742032,1.8195243,12.75705,18.2831,3.4657614,2.268639,-3.9271355,7.152205,6.650797,3.7551224,-4.48413,2.4651806,-9.916906,0.56826097,-3.543941,130
244,0.74101734,-3.907352,8.977235,-6.02796,-6.6836176,4.1075716,-9.314052,-1.8468852,-20.218271,11.69117,-2.1302454,3.4630466,12.464279,18.266615,3.3482585,2.7551198,-3.4635239,7.5357394,7.730107,5.15602,-5.706606,1.3284161,-7.9301467,2.065699,-4.025034,130
245,-0.7813741,-4.67031,6.2836704,-4.383931,-7.9564924,4.868906,-8.965179,-2.930141,-18.77595,8.812006,-2.4021525,1.69523,11.156484,17.041094,4.0795965,1.8856559,-3.4927516,6.0526967,5.31284,5.0837226,-5.625474,0.85834336,-8.310122,0.996567,-4.528998,130
246,-0.26593342,-2.0659263,9.920346,-7.5854435,-6.738879,5.012063,-8.965061,-4.000517,-20.804464,13.387371,-5.75511,-0.38778353,12.614861,19.697552,4.3352346,5.3035774,-4.3813715,6.511482,5.8386893,4.035831,-3.8771381,0.59352756,-8.274311,0.5171602,-3.4027765,130
247,1.795179,-3.6710765,7.5257144,-5.355691,-6.3035064,6.025322,-9.078636,-2.6986399,-19.657974,10.90616,-3.7248864,2.8543715,10.358912,18.345634,3.7691574,5.5766315,-4.928275,7.023152,5.4493876,3.461197,-6.969328,0.46782994,-7.9468193,-0.41235447,-3.4188924,130
248,-4.208105,-6.5909805,7.342512,-1.8481445,-11.912674,6.16685,-8.755367,0.739403,-21.348516,6.8911915,1.4278824,7.052294,12.899288,16.263266,3.7399716,1.4919467,-1.0526369,4.372969,6.579902,-0.11615825,-8.22379,-2.7721388,-9.332331,-1.2057352,-3.421835,130
249,0.7106253,-4.527843,7.6514835,-4.8886385,-7.523641,5.007167,-7.4237947,-3.3998485,-19.967268,9.018318,-2.3017051,2.620914,12.317203,18.294039,3.822559,4.0277014,-3.4108815,8.4647255,5.4600687,2.7930636,-4.754372,-0.040830135,-9.33487,2.3729727,-2.8725858,130
250,0.5918823,-3.143153,8.502047,-4.545293,-8.368259,3.9008384,-9.568946,-4.4931774,-20.241856,10.20679,-2.8152847,2.7608595,11.48052,18.428522,5.979989,4.293289,-3.9595354,7.195199,3.5037284,4.7780676,-4.939696,-0.093847275,-7.9314537,2.7535992,-3.7857437,130
251,0.37245244,-3.9500005,8.144259,-5.90082,-8.326811,4.860391,-9.067354,-2.6844058,-19.45394,10.840258,-2.86741,4.3222675,10.956625,18.012646,5.153532,4.0565443,-4.255915,5.3275504,5.0341034,3.5516386,-8.014615,0.79983974,-8.260191,0.8772204,-2.5080256,130
252,2.1330156,-5.3764586,8.850537,-5.6542234,-8.647776,5.2892456,-9.889822,-3.2966046,-18.807627,12.221994,-2.4537985,5.9733825,9.879277,17.94184,4.1059217,5.990704,-3.7716222,7.2028856,5.375073,3.978295,-8.114037,1.6323506,-6.740879,0.58390284,-3.2718723,130
253,0.011433542,-4.910043,8.196526,-4.165077,-7.6716156,4.400399,-7.939021,-2.3514361,-19.903284,9.161308,-4.067642,5.250805,12.007307,18.474733,5.0885496,4.0204153,-3.3856494,6.585995,3.399879,2.733878,-9.033519,0.25294352,-8.009643,1.9264411,-4.392396,130
254,-3.0308785,-1.9147153,8.836824,-4.0392866,-4.9605684,5.616725,-9.841721,0.72432923,-19.429104,8.737726,-0.02644682,4.5986977,10.737685,18.672606,-0.9497309,4.985488,-6.6511335,4.4942207,8.144433,2.5653098,-9.642813,0.8855636,-8.677649,-1.2972549,-3.8394675,130
255,-1.7488887,-5.91661,9.751995,-4.318959,-8.578517,5.529807,-9.106399,-0.18008637,-21.342884,9.91905,-3.5081205,6.1189528,10.926035,18.578487,3.4295652,5.2926135,-3.286608,7.080555,3.6155612,2.4901257,-10.821921,0.91210985,-8.802303,2.5637045,-3.6081357,130
256,-2.1694608,-6.7470593,6.053565,-5.393765,-6.6183395,5.32201,-7.848655,-0.5169239,-18.025517,8.268574,-1.29107,8.12145,11.783558,17.274927,3.420437,3.6038933,-2.366486,6.8719244,4.439635,1.4192736,-9.054335,1.4683785,-10.931984,0.5486746,-3.9233422,130
257,-1.6558497,-6.427454,8.013927,-6.1471176,-6.360637,5.3775773,-9.177847,1.9161835,-19.13647,10.377682,-1.4867647,6.5585413,10.605884,17.509514,0.68185854,4.3661146,-3.695303,7.4924965,4.731267,1.7333736,-8.087374,1.8150735,-8.64054,1.7042295,-2.6390555,130
258,-2.1275802,-5.988368,7.8036537,-3.68752,-7.8824997,5.2747326,-10.210831,0.97929025,-18.882612,10.129899,-4.289376,7.342978,10.5022745,17.370384,0.20719433,6.2315245,-3.6808934,5.935889,5.133788,0.9686835,-11.462466,1.9084802,-11.011744,-1.2608047,-4.842648,130
259,-3.748552,-5.833663,8.221969,-1.128726,-12.902994,4.3155937,-8.304591,1.3398849,-20.054296,7.1132135,2.252152,7.230853,12.306515,16.668922,4.007187,1.9975386,-0.0002784729,3.0362525,7.6101823,-1.0760195,-7.690754,-3.421028,-9.163113,-1.0275866,-3.8500404,130
260,-3.567317,-5.3084326,9.212181,-5.768159,-6.006486,4.635463,-10.288616,2.2425666,-19.0229,9.583695,-3.9500203,7.278944,9.743563,18.288528,0.53887224,5.4684105,-4.8641825,4.7797384,2.987618,0.48134494,-12.95337,2.769857,-8.12315,-1.9210926,-5.5965157,130
261,-3.7288687,-7.4377756,9.399517,-4.575282,-6.4040008,6.5220327,-9.784098,1.6327405,-22.015532,10.244845,-2.1095264,7.413977,11.020543,17.929941,1.5354862,5.2745485,-3.43606,5.3801775,5.893196,1.4269519,-12.138116,1.827933,-9.834814,-0.4598229,-4.9187655,130
262,-2.5562167,-6.776959,9.740564,-3.4644232,-6.803342,2.1021519,-9.542264,1.4143231,-20.587095,10.177054,-1.855249,7.267996,11.657631,18.084785,1.6495538,5.164835,-2.852681,5.6361055,5.7251387,2.682151,-10.105088,1.3097126,-10.6099825,0.8665343,-4.118565,130
263,-4.983117,-7.7504263,8.937695,-3.2014008,-7.934577,4.863061,-10.781026,1.7313821,-22.350817,11.608453,-3.729979,9.407224,10.652414,17.797935,1.6782842,3.4734201,-2.4117694,4.0772257,5.362752,1.8672597,-10.995577,1.5555673,-10.123004,-0.48936516,-3.3946538,130
264,-5.030579,-5.3626065,8.360266,-2.6371002,-7.1030264,3.1005473,-12.647066,2.3679407,-20.87588,9.482235,-2.2047238,7.893696,9.272027,16.725243,1.8550711,5.5735335,-3.5106685,4.0155706,4.376464,2.0210133,-9.876622,0.8696394,-8.280495,-3.889133,-4.538394,130
265,-2.3591707,-9.164608,8.31295,-4.2835855,-8.515917,5.8775144,-10.932932,0.3399036,-22.093653,11.164881,-1.9502031,8.405209,12.054674,17.806173,0.5193286,3.8795824,-2.0119202,4.9576297,6.645728,2.7373857,-10.379336,2.6401565,-8.712982,-2.412203,-3.7828102,130
266,-3.19241,-7.862766,7.051835,-4.9485693,-10.420312,5.1595507,-9.540725,-0.49894762,-20.161915,9.858236,-1.3170907,6.4154873,13.307758,18.567497,1.048801,2.6833177,-2.5089293,4.6930046,7.0788407,1.8379006,-9.322081,1.4435151,-7.531239,-0.61480534,-3.5569963,130
267,-6.1075006,-1.1173346,7.031909,-3.9137096,-6.5024834,6.6273994,-13.944936,2.2568512,-20.621422,10.252384,2.0578232,6.6097765,13.56995,17.3675,0.049699306,8.322521,-4.1759944,3.3324783,10.094844,6.4953275,-6.409676,4.1426954,-6.8456535,-7.6526976,-3.9690762,130
268,-2.895864,-8.496443,8.001631,-3.4221315,-11.247805,5.070388,-8.138752,-0.45269322,-19.158028,10.3441515,-0.25446945,7.265375,13.067522,16.908527,2.1357327,1.6403117,-0.21860099,5.2607584,8.043593,2.68187,-6.932496,-0.41017342,-8.39556,-1.04654,-2.390862,130
269,-2.6540568,-7.2461796,6.991098,-3.9719028,-10.617475,5.099167,-9.791124,-0.2897066,-16.978123,10.239357,-0.24285387,7.1563206,11.89855,17.365005,2.3143024,2.9497721,-2.5040274,6.9010677,8.478932,2.2591858,-6.9274173,0.44571757,-9.507471,-1.469979,-2.860605,130
270,-3.140169,-8.954758,8.127829,-3.2588072,-12.92666,5.4021406,-6.741678,-0.73660636,-20.80202,7.781343,0.8616823,6.0377774,13.774074,16.11392,3.824171,1.825346,-0.7813921,5.733814,7.3180666,-0.13428736,-9.261047,-3.1871154,-11.685644,-0.83153117,-4.5009046,130
271,-4.979214,-9.349437,9.701223,-2.831912,-13.777457,8.2647295,-9.311915,2.028263,-17.632553,10.347934,0.32371402,9.345074,16.053223,15.15158,5.4003925,0.44315004,2.0955071,4.4415817,7.444543,6.3161654,-7.4197116,-0.7120025,-9.5218315,-2.162829,-3.1412861,130
272,-4.62705,-9.118548,6.3423123,-2.3833485,-11.1261635,6.0315704,-9.295341,-1.7289758,-17.137949,10.296247,-1.4255581,7.042054,12.796223,16.147305,2.9101648,1.6224501,-0.8483629,5.5019617,8.863278,3.847526,-7.2796793,0.68291664,-9.405638,0.073446035,-3.9946902,130
273,-3.31696,-7.957734,4.7390633,-6.0525484,-11.581203,8.147123,-12.06635,-1.3279439,-18.09767,10.428449,-0.28495765,6.133941,13.625,18.173628,4.130329,0.19810009,-1.4966252,8.087439,10.305133,4.033931,-4.5950055,3.2354589,-9.35302,1.4978902,-1.9311197,130
274,-5.439332,-9.078809,7.7119236,-2.6473894,-10.048692,5.617831,-10.765602,-0.38765478,-18.035006,8.26102,-0.0051335394,7.89134,13.950966,16.58112,4.1171803,1.1823087,-2.149653,5.8936644,9.08299,2.5358956,-7.487623,1.732614,-9.650808,-1.4042714,-2.7023122,130
275,-4.590709,-8.248329,7.9750075,-3.6705928,-10.912092,6.8856072,-8.64319,0.95726097,-17.699398,8.37319,-1.2085553,8.185165,12.4342375,16.68274,3.4988842,2.6129005,-1.2119036,5.1867867,6.3369207,2.029944,-7.4458995,1.0066123,-8.192486,-2.387786,-1.2358075,130
276,-4.3452454,-11.981001,8.248861,-3.3994942,-14.038962,9.561983,-12.094044,-0.21031523,-18.72346,10.905042,-2.084014,8.055648,13.694891,17.499952,5.3566175,5.129959,-2.2062058,6.077422,8.596201,5.7202044,-8.054219,2.1055136,-9.274474,-3.8148103,-2.2622173,130
277,-4.4785514,-10.926447,8.597943,-3.0680962,-13.889568,8.071267,-11.990001,-1.1958196,-19.406475,10.97936,-1.6389341,7.7563996,12.150569,15.557659,6.1170425,3.0509033,-2.9159436,5.1581845,6.968566,5.5756226,-6.2465305,2.5058804,-10.703018,-3.0736587,-1.9965708,130
278,-4.759711,-11.686606,8.660299,-3.3754663,-14.940908,9.767821,-11.307702,-2.264664,-19.030828,11.212793,-3.6000981,10.013852,11.247219,15.960325,5.235241,4.940095,-2.0465667,5.98789,9.088044,5.1171837,-8.392583,0.4818709,-7.2801104,-3.3630443,-3.1269574,130
279,-4.0559216,-10.311712,8.02759,-2.8794355,-14.29628,9.580631,-10.759924,-1.1107485,-16.219654,8.60503,-3.0811229,9.781547,12.523228,14.423007,6.5418186,4.8237085,-1.2251513,5.8566084,8.643777,4.2940097,-7.254859,-0.094038725,-8.767657,-4.0415726,-1.8058398,130
280,-3.2361326,-10.953136,9.62739,-4.2631264,-13.995343,8.863335,-10.825323,-1.2588841,-18.366772,9.971158,-1.2990525,9.93719,12.950749,16.487392,5.02708,3.2293136,-2.798388,7.540943,7.937228,4.216491,-8.832954,0.42194915,-8.198054,-2.2551155,-2.619297,130
281,-5.340392,-4.7078066,7.8425984,-1.9778509,-9.764399,7.450581,-13.582649,-2.3464959,-16.328524,9.446562,-1.1071054,9.164936,10.377616,16.858286,3.5303907,6.8925405,-3.2840917,4.7304716,1.9571059,7.6609664,-11.516586,1.9505105,-4.9147463,-5.211083,-1.2293549,130
282,-2.3146286,-4.6257715,6.9934196,-3.0166974,-11.140925,4.814508,-6.1507363,-0.6363206,-19.049261,6.805168,1.6451867,7.3333154,13.027878,15.5126915,3.2239356,1.068176,0.39733076,5.3187094,6.769698,-0.91178846,-8.019815,-3.4030619,-10.79618,0.34738648,-3.843926,130
283,-4.3776755,-11.142347,9.514511,-4.121978,-14.819965,8.975078,-8.875398,-1.779863,-17.537342,9.722855,-0.42386782,10.34105,13.096249,16.997406,5.548888,3.5750926,-1.2131996,6.6740465,9.450556,5.350905,-10.440207,-1.2103398,-9.488388,-1.4523726,-3.6356516,130
284,-3.1774201,-11.368076,8.784552,-3.0162964,-14.321931,9.3910055,-9.559841,-1.8594928,-17.363676,10.839758,-1.5899154,11.168373,12.09574,17.074198,5.4759626,4.350751,-1.470422,8.0719,7.7296033,7.2525234,-9.718605,-0.40716577,-9.414941,-2.3011508,-2.344803,130
285,-4.7754693,-9.86933,7.9704494,-3.7031727,-12.893642,9.318419,-10.169389,-0.92636037,-18.12717,10.851667,-1.3641686,10.803409,11.1533165,16.360723,5.225686,4.6557126,0.31933737,6.540209,7.65401,6.5759864,-10.100817,-0.46225905,-8.774509,-3.2360616,-2.65964,130
286,-4.9984474,-11.979015,9.638098,-4.8424587,-14.806108,8.029168,-8.976613,-0.18016315,-19.101208,8.794884,1.0050653,10.658331,14.878731,16.763767,5.378784,1.6591101,2.6142879,7.604652,10.071303,6.6648984,-9.955296,0.22581553,-9.206295,0.9046452,-4.3508596,130
287,-3.627922,-10.301765,10.446459,-2.0783548,-12.134108,7.829204,-9.533806,0.56130815,-17.83348,9.189179,-0.19602644,10.672079,13.7294,15.795168,4.045864,0.92692614,0.40244293,6.1652317,8.322481,5.6363764,-8.605955,-0.83769965,-8.686355,-2.2994223,-4.897805,130
288,-3.538212,-11.458224,9.138981,-2.4567604,-13.239829,8.244385,-8.483846,-0.29701495,-17.384026,8.356047,-0.78440297,8.93816,15.277469,15.294768,4.2944603,1.8634596,1.8516154,6.7245855,9.695919,4.8766956,-8.385813,-1.3099694,-9.562464,0.5454441,-4.487724,130
289,-1.3720597,-8.107459,7.160139,-1.8184643,-11.536389,6.351977,-6.9266033,-2.9779575,-19.535082,9.372702,-1.3394619,7.4815636,14.845432,14.394548,4.0841475,1.6167886,-1.3282187,10.444884,8.66404,1.6432528,-8.484274,-2.6968865,-13.5071945,2.5835032,-3.972573,130
290,-0.99130327,-7.282526,7.8567543,-3.6216307,-12.450951,5.841859,-6.885728,-2.29603,-20.332508,8.975281,0.38123214,6.228801,14.297299,15.366557,3.8626387,2.6616578,-1.0690622,7.54416,8.378018,1.3088014,-8.418884,-2.8852074,-11.432275,0.5957886,-2.702163,130
291,-3.7582417,-0.6507758,7.7307935,-2.965992,-9.031294,6.059038,-13.969522,-0.06585729,-17.659431,4.6656117,2.0279672,6.790106,12.216088,16.803923,2.3073292,6.142898,-3.4989276,2.1557875,8.925986,3.6655986,-10.529395,-0.42297745,-7.4048386,-6.3803906,-4.2358456,130
292,-1.3659806,-3.8910441,6.3116813,-4.3944454,-11.842411,4.1743765,-6.7456565,-2.3215938,-18.076208,6.4430933,-0.79866827,6.3342075,11.987209,15.140221,6.3758726,3.4660335,0.33295393,6.134958,3.2041147,0.94122076,-6.898909,-4.6524997,-9.673275,1.5350993,-4.835759,130
293,-1.8497086,-3.6778016,5.7890177,-4.1639595,-10.6427145,5.1121206,-7.286418,-1.93468,-18.987574,8.038877,-1.5250084,6.477702,11.618975,14.115612,5.2962685,3.7663991,0.8220918,7.061165,2.5955496,2.4706073,-6.4891434,-2.5536423,-9.108453,2.8824277,-5.0903745,130
294,-1.8237817,-4.5744143,7.208144,-4.68507,-9.942808,5.432122,-6.9380994,-2.0534945,-20.185259,8.017727,-1.6400529,6.8481684,11.729337,14.905771,5.478359,3.8779137,0.82357335,7.773542,4.954012,2.1968722,-6.9791408,-2.7820628,-8.808374,2.0558882,-4.9147844,130
295,-1.1155679,-4.6393957,7.1951714,-5.141014,-12.2098255,4.723707,-7.0902333,-3.2784438,-20.054712,9.729635,-1.6430031,7.315254,12.121088,15.868966,5.199847,3.621613,-0.2757461,7.861649,6.094669,3.4971147,-7.0376353,-1.545639,-8.510777,1.1081488,-3.4490838,130
296,-3.2611504,-3.7666247,6.5178337,-5.030631,-9.823717,4.5043316,-6.375493,-1.931307,-19.246181,5.2993116,0.13433248,6.6680565,13.694734,14.354331,5.405102,0.2770524,1.2916944,7.3782234,6.190215,2.2176018,-5.47547,-2.7722492,-9.507129,3.9427152,-3.4775164,130
297,-3.2935286,-4.66201,6.111806,-3.9638834,-9.585886,5.604089,-6.609292,-2.4624565,-20.199724,5.5986776,0.00096827745,7.321941,13.288247,14.54831,4.900635,1.2234895,0.27823043,7.9548693,6.471611,2.378255,-5.517154,-2.177638,-9.5933695,3.41435,-3.485004,130
298,-5.0160995,-8.712206,7.4821153,-2.100047,-13.644828,8.200379,-8.752728,1.6267664,-16.746574,11.137003,1.578223,7.2377806,16.574984,15.836431,5.597251,-0.40907764,1.2827029,3.5125427,9.279106,5.139012,-6.8369064,-0.81173277,-9.021191,-0.73185873,-4.1089973,130
299,-2.2624664,-5.31102,5.2273417,-2.3128872,-9.898928,3.8110907,-5.776442,-1.6023972,-17.303936,4.5416365,-1.562898,6.892392,12.809123,13.820016,5.2654867,0.38175106,0.9298234,6.64077,5.498036,-0.24961424,-8.36455,-2.8294196,-11.098633,2.8584895,-4.8457937,130
300,-2.5012271,-5.6480002,5.4464746,-4.462019,-9.786213,6.176132,-6.409468,-3.2109077,-16.73629,4.629578,-1.3483312,7.090552,11.726401,14.196829,5.0314083,1.6440616,0.8565202,6.8616834,4.696346,1.733405,-5.5205584,-2.4144957,-10.512604,2.4372537,-3.7818835,130
301,-1.6111227,-6.8357353,5.1534743,-2.4809866,-12.32991,5.17052,-6.036748,-2.0711055,-19.53682,5.1141634,-0.79972196,8.786827,13.5099125,13.325679,5.8586235,1.1358368,0.15445042,8.331288,6.833096,2.3967986,-6.401535,0.21915531,-9.219074,3.9200015,-5.1105323,130
302,-1.8329616,-4.981774,7.0532217,-2.0675,-10.895817,4.4167156,-4.6052723,-1.8631234,-17.764229,7.145368,0.19791964,9.336781,13.55882,13.409061,6.8728228,-0.5770111,0.8581474,6.54485,5.6801634,2.5220277,-5.384674,-1.223182,-10.958399,3.8801277,-6.4266243,130
303,-4.367893,-3.3572023,7.07707,-3.6729817,-11.024467,5.6510468,-5.74879,-1.9953958,-16.739319,8.460653,-1.257097,7.208583,10.962615,15.144797,7.3804336,2.438911,-2.239512,5.1809688,7.4567924,1.2044443,-4.979901,-2.6933973,-10.341048,2.638811,-4.339135,130
304,-3.4496758,0.7595693,5.6958666,-1.4980397,-6.4637046,6.5556107,-13.988126,-0.47276157,-18.70187,3.7915735,1.3787682,9.051156,10.830089,17.804548,2.2442775,6.185121,-3.8177648,2.8540025,6.216984,1.5216402,-8.24324,-0.62261534,-5.980379,-3.9099555,-5.5879335,130
305,-3.0132494,-4.2401567,5.724259,-4.0709753,-11.080545,5.4267497,-4.699366,-1.5475957,-15.047857,5.914709,-2.3390064,7.1180143,10.430119,14.643502,6.570711,-0.55390716,0.8390546,3.7623527,4.6362743,0.17769098,-4.7899275,-3.9518225,-9.66952,1.8778757,-4.406322,130
306,-2.8405116,-4.4595556,5.415477,-3.1293259,-11.288689,6.614567,-5.0053105,-2.114012,-15.4068365,8.614424,-1.1605105,6.688467,12.296644,14.71447,6.076435,0.27677298,0.19203806,3.5985467,6.657032,0.26359868,-5.8134847,-2.2076008,-11.081625,2.2105112,-4.1280665,130
307,-2.2296329,-6.2118826,6.1308804,-3.341671,-11.458398,5.929694,-5.751897,-1.9577534,-16.911905,8.019842,-1.5677497,6.6980476,11.771226,14.262332,7.350808,1.7129016,0.71462154,5.9581294,6.528434,0.6483481,-7.300972,-3.3133113,-11.174932,3.3929558,-5.423925,130
308,-1.5923282,-4.8514385,4.101966,-2.6167479,-10.478233,6.7678065,-5.3926735,-1.7304404,-15.99169,6.936088,0.044690944,6.0185432,13.155233,14.071658,3.5613875,0.35040212,1.1191783,6.6056437,8.066332,0.08027673,-4.7883873,-2.6337183,-11.988865,3.1176858,-3.9966846,130
309,-3.5757818,-10.00675,8.596882,-2.6022568,-12.613716,6.292304,-8.518074,2.3760948,-16.643274,9.737178,-0.2929076,7.6103945,16.774391,14.611641,5.9181986,0.152385,2.6908822,3.8659172,8.829975,4.724279,-6.6166506,-2.2640681,-9.096207,-0.026454687,-3.9533281,130
310,-2.2990363,-6.28117,5.463658,-2.789751,-11.338798,7.3281517,-4.5725036,-1.2005949,-16.454304,7.176668,-1.6816455,7.266059,12.42955,14.782692,4.303276,0.6502867,1.3344004,7.600899,6.4326234,0.17964172,-6.6938906,-3.2797968,-11.673443,2.5497046,-2.1582127,130
311,-2.220358,-4.4004836,4.737856,-3.4032154,-8.991437,4.5496044,-5.813821,0.81057274,-14.479321,3.9999428,-3.728893,4.9650955,12.591749,16.20972,6.2921,3.5114741,0.5904174,5.4213724,4.54373,-2.520354,-8.827759,-3.2241957,-11.329944,2.8982742,-4.740695,130
312,-3.3614805,-4.4611874,5.626507,-2.3896704,-11.189495,6.3764343,-7.4481564,-1.1507862,-14.554899,6.2901125,-5.2195663,3.714614,11.466767,16.374683,4.0829754,3.199704,-0.67426634,6.1458936,5.7146697,-1.5756309,-7.7711945,-2.8141124,-12.441338,0.764732,-3.6122894,130
313,-3.038118,-5.334255,3.7731402,-1.4108248,-11.726553,7.5684342,-6.6445837,-1.6694837,-13.67292,6.488588,-1.7026756,4.718858,13.326064,15.016425,5.6715517,3.3230004,-1.8766437,6.3306284,6.9465637,-0.90733147,-9.2115345,-0.78286314,-13.01559,1.46024,-3.4488692,130
314,-2.6151307,-5.416562,3.6501043,-2.4847708,-11.553597,6.8228135,-6.5089674,0.5510973,-12.412243,6.134737,-1.5120084,3.5628,12.766111,15.6930895,3.8922176,3.1220264,-2.3802938,3.7596745,7.056893,-4.2409487,-8.547157,-2.0943334,-12.2706785,0.6128732,-2.5643437,130
315,-1.8018821,-5.2450314,2.8764272,-1.2168875,-10.366349,5.2468376,-6.0174193,-0.03899634,-12.006129,5.0465364,-2.9275856,4.1758337,13.462793,16.420544,5.094719,1.9870842,-1.0378089,3.8782444,8.6217785,-3.0457256,-8.773646,-0.7378104,-13.003788,3.1685538,-4.0185733,130
316,-2.0883446,-5.9784546,3.9450364,-1.4210124,-9.341284,5.870742,-6.5382366,1.2282417,-10.770807,4.2286386,-2.6781468,3.5760534,11.172984,16.0151,4.1324825,4.5748777,-1.1492801,2.4673688,7.248603,-4.8289185,-8.671339,-2.5755115,-11.282113,0.4150455,-2.5076132,130
317,-0.9269216,-2.4740222,1.8095398,-2.6809568,-5.782613,3.9442055,-9.952332,-0.7204171,-14.872297,6.157138,0.4873836,6.6080747,16.132526,19.274942,0.92373276,2.68795,-2.3485518,3.8366704,9.85745,1.7933987,-7.7601433,0.009366035,-12.391842,-0.84220004,-4.1362247,130
318,-3.5405009,-3.7717798,3.926231,-5.6862736,-6.9872065,5.524085,-10.148054,-2.004524,-12.691328,7.4563327,-2.6810324,4.653921,12.804607,20.444498,3.7927217,3.8843083,-2.8476071,4.0594625,6.3466325,-0.4856373,-7.2334366,-0.12367964,-14.046025,0.4757589,-2.7122724,130
319,-2.9745631,-4.6691346,4.7012835,-2.896483,-9.911692,6.4352818,-6.852798,-1.3200822,-13.467227,9.333086,-3.5385513,5.967267,12.732566,17.688574,4.4190454,2.7271352,-2.6567469,4.8976107,7.9466724,-0.87858486,-9.675537,-0.7544186,-12.970149,1.335562,-3.3092904,130
320,-5.196286,-8.7965145,7.0599623,-1.2469463,-9.554176,6.521548,-10.748715,0.8743964,-17.559227,8.918204,0.39094317,8.305912,16.604015,15.16087,5.409893,1.1965771,1.0855503,4.4155865,8.806105,5.612051,-8.377248,-1.583822,-8.764012,-1.627347,-3.9897213,130
321,-4.875489,-6.04327,5.725495,-4.718643,-8.04973,5.8795443,-6.795505,0.39823842,-12.778197,7.39437,-0.3081329,4.033512,12.618729,18.808535,4.058837,2.1390922,-2.78424,1.9009677,8.106134,-2.2851496,-10.194841,-1.9489379,-11.903135,0.24846882,-2.1867375,130
322,-2.8062153,-6.943075,4.7366776,-2.9453459,-10.058233,5.7810917,-5.9671144,0.8212197,-14.445885,6.073391,-1.9851414,4.0695233,11.848402,16.851572,3.9300573,2.3616223,-2.63733,4.840284,5.631562,-2.28024,-9.398272,-2.8463604,-12.033678,0.76799273,-2.6227815,130
323,0.13834226,-7.015587,3.8638256,-2.1231833,-9.519877,4.28305,-5.3373966,-0.1426996,-14.441023,6.5439944,-3.6134608,7.438394,15.763497,18.651896,2.9393463,-0.467175,-0.8307214,4.4704366,2.8435545,-3.2463024,-9.79499,-4.5497103,-12.823419,3.8828125,-1.4271463,130
324,-2.5519226,-5.4675198,5.6185513,-3.9620523,-8.839498,3.920384,-7.4115853,-0.7305691,-12.9635315,7.5435047,-2.6120303,5.4856133,11.8620825,19.418888,3.015847,3.5823078,-1.8240099,4.8996334,3.6557276,-2.3527865,-8.155319,-3.0193982,-12.372992,3.2869868,-3.0751662,130
325,-2.1212974,-6.0177445,2.7385843,-4.424095,-9.844046,2.9388137,-6.3307257,2.0767617,-14.31742,5.362441,-3.053085,3.9483664,12.015297,19.084646,4.023885,0.46946192,-1.4712033,5.3841324,3.760452,-3.6428032,-8.791223,-2.8664951,-13.57415,4.3998766,-3.7219415,130
326,-1.8580964,-6.061208,6.0633674,-3.854577,-8.983056,2.9806747,-5.8474236,1.1349356,-12.227444,5.895264,-1.235789,5.129919,12.706456,19.172901,4.1271305,1.4951272,-0.8514848,3.8360875,2.535153,-3.7376852,-8.412373,-4.123989,-13.71636,2.5924885,-2.856188,130
327,-3.6724787,-4.550773,5.373619,-3.854885,-7.6138573,3.9050493,-7.9370418,-0.98060906,-12.107668,6.8032584,0.10584152,5.385928,12.731519,20.068989,4.381209,3.0593753,-0.24423075,2.2542076,2.8741093,-3.079519,-8.078536,-2.5190282,-12.666628,2.764185,-2.6323955,130
328,-2.63109,-5.4073653,4.902734,-3.1204205,-9.212597,2.864492,-5.9219346,-0.0062037706,-12.289444,6.7595377,-1.3643001,4.503357,12.905832,18.754665,3.9094286,1.4382405,-0.8047557,3.798957,3.0664198,-3.6287997,-8.358561,-3.3141818,-12.896224,3.940353,-2.629525,130
329,-1.2071872,-3.586607,6.083123,-4.5846176,-9.365369,3.068489,-6.711296,-0.2810557,-14.720339,8.130959,-1.2152617,3.9514494,13.991073,19.090244,3.0518513,1.6183286,-3.0003886,6.434,3.4568129,-1.5082064,-7.791546,-2.6883419,-12.396948,3.4703274,-3.056613,130
330,-1.7060518,-2.519154,3.8243504,-5.6106877,-7.1614814,4.996767,-10.18561,-0.3110366,-15.168039,9.600116,-0.58796173,3.6740563,15.352786,20.536839,2.8296018,1.3691666,-3.6147256,2.8401153,4.3118143,-2.433024,-8.200176,-2.9527383,-13.559217,3.1233675,-2.4996881,130
331,-5.8170443,-10.011503,8.278118,-2.3392134,-13.24435,7.3054414,-10.346846,1.5212517,-16.589869,8.366097,2.1678982,9.184288,16.300993,16.09362,7.5693264,1.7406335,1.8624492,3.804303,6.546314,6.682554,-7.1567044,-1.8417072,-9.637032,-0.86488247,-3.5224838,130
332,-2.8808308,-2.0453498,4.423745,-4.9003286,-10.511201,4.441922,-9.70228,-0.28878796,-14.2436285,9.327597,-0.66483355,0.8360143,14.2827635,22.008194,3.010903,2.7388015,-2.9237838,2.6497674,4.5419073,-4.5018306,-7.736755,-3.2886014,-11.903881,3.5813618,-0.912897,130
333,-0.7628417,-5.10831,4.4249525,-5.97911,-10.442041,2.5545826,-6.8980193,1.4987266,-13.598656,7.5408144,-0.38535833,3.3694816,13.8418,20.892792,3.9755683,2.7143204,-3.273394,4.649367,1.9927859,-3.2338648,-6.6415973,-4.28863,-11.74444,2.3882165,-0.45866257,130
334,-2.6392145,-3.287137,4.8824196,-5.7087307,-7.042635,4.1994963,-8.208857,-0.34144792,-15.975885,8.251738,0.8854543,5.0274634,12.927917,21.060827,2.191471,2.775552,-0.6603551,7.5573616,3.2622828,-0.48332834,-5.379359,-2.303659,-10.773151,3.9745722,0.530312,130
335,-0.2829206,-3.6990602,4.9983172,-6.3852487,-8.79692,2.9332194,-7.9603243,-0.64803475,-14.803926,8.060045,0.58901644,4.409754,14.753011,21.833857,2.0558348,3.1741354,-1.0329928,7.783857,3.007825,-2.339829,-6.299121,-3.1657763,-10.188555,4.4718227,-0.95005286,130
336,-1.0742922,-5.2654734,4.577589,-6.6990633,-11.114389,2.0454483,-6.810696,-0.7757193,-14.280949,8.204082,-0.4043157,2.551289,14.466291,22.43644,1.7487323,1.9997575,-1.5868907,6.001166,3.522295,-2.8516345,-5.5296373,-4.058299,-12.162062,3.6139486,-0.16575217,130
337,-1.3566662,-3.9480138,5.457659,-5.858798,-10.3034315,3.246242,-7.431426,-1.407059,-14.710667,6.9966984,1.5500163,4.743685,14.814014,22.097242,2.4289632,1.5417328,-1.5124698,7.4027796,3.0031548,-2.3288765,-4.9220347,-2.5915756,-11.992981,6.3228536,-1.844595,130
338,-0.852469,-2.9680185,4.7678814,-5.5164003,-6.99244,2.461268,-6.104907,0.66452944,-13.768516,5.2660246,0.61588126,2.3305693,13.329299,21.371105,1.8357973,1.8036408,-1.7073383,6.1406074,3.7784176,-3.8441622,-4.706877,-2.9615722,-10.216364,3.9235578,-2.052133,130
339,0.32679278,-4.507468,4.789848,-6.6690893,-8.894556,3.3872223,-6.0123854,0.70932305,-14.825072,6.003853,2.2567303,3.964646,14.022922,20.109785,3.2047634,1.7986603,-0.033527374,7.36052,1.628272,-4.2531147,-3.8591478,-3.2778702,-11.259886,5.636407,-1.8454673,130
340,-1.0624524,-3.0968938,5.008971,-5.7327294,-9.453938,3.9640572,-6.6085014,1.4742247,-13.643623,5.616093,-0.3886479,1.6888962,15.122851,21.354197,2.7758062,2.0302033,-2.6691961,5.5192876,3.5491064,-4.588389,-5.1360793,-3.040029,-11.195699,2.7296336,-0.9293573,130
341,-0.30723703,-4.80621,5.7411017,-6.429422,-7.441945,2.0234087,-6.7071943,0.626209,-13.783079,5.313965,2.3038306,5.04568,14.621313,20.215866,2.5503695,0.044806004,0.06958532,6.335367,1.8600535,-1.2238791,-4.7813005,-3.589185,-10.170973,4.64305,-2.5254061,130
342,-5.0513916,-10.185686,7.3325,-1.1331377,-12.076085,6.8451233,-12.907216,-0.597123,-19.360191,9.84932,1.8486366,8.847638,15.952498,16.565725,6.766659,4.1803627,1.3753142,4.3294587,7.9238906,6.8235893,-7.8162565,0.15102816,-9.483227,-2.581763,-5.134892,130
343,-1.623955,-4.5167956,5.7040443,-6.5297256,-8.599143,3.1140368,-6.64874,0.018053293,-13.674075,5.6187677,1.3664503,4.095062,13.812839,20.048916,4.21408,1.893132,-2.4670072,6.3861556,2.4710407,-2.2176306,-4.597951,-2.7591999,-11.014722,3.2716038,-2.4013011,130
344,-3.6304867,-0.24411756,1.6526827,-8.693187,-0.8184056,4.6216307,-7.845816,2.1402974,-16.632845,2.9553833,5.019005,1.8632479,20.141687,21.188602,-1.2968693,-1.1459281,-3.497252,7.1378736,14.094538,-3.9351704,-3.6242507,-1.4844246,-11.3001,0.6155643,-0.7424867,130
345,-0.80943507,-2.183724,3.6245384,-5.8252354,-5.9041257,2.3193212,-6.451377,-1.1278391,-14.318761,8.208353,0.11192694,4.8547482,14.260996,20.22121,3.1841736,0.38330102,-0.8344779,7.570928,4.572472,1.5661463,-4.697184,-2.9631703,-8.618416,6.7311325,-1.7767787,130
346,-0.5792736,-4.1805453,3.3023343,-5.2221394,-7.5760174,2.5840144,-4.2064033,-0.028328896,-11.797441,5.026796,1.6172343,4.4394174,11.684862,18.601372,4.058828,2.3493223,-1.3872194,6.293371,3.6744537,-1.7429087,-6.474063,-2.79958,-11.42761,4.4334154,-3.4300253,130
347,-2.019446,-1.4953902,3.8076425,-6.0354166,-3.1662745,4.3577886,-7.0218863,-0.8092673,-13.311299,7.612303,2.12903,3.030845,12.173868,19.193935,2.7070234,2.4024222,-2.9482322,8.255699,6.005889,0.008222103,-3.229639,-1.4247339,-7.6146975,5.1076293,-2.134692,130
348,-1.8870215,-2.5283272,3.6440878,-7.121092,-5.3821316,2.3222384,-6.2944155,-0.13932562,-12.684715,6.7113075,1.2753129,4.5011053,12.213868,18.399178,2.6079006,2.4948783,-2.441005,8.172472,4.467448,-0.30587602,-4.3872576,-0.85658264,-9.017965,2.4311614,-1.6652406,130
349,-2.0464623,-3.5763984,3.0376856,-6.1243124,-7.579461,4.307291,-5.99923,-1.1411107,-15.716684,7.0925474,-0.93721133,6.2177286,12.763081,20.548208,4.32701,1.4101477,-0.20245934,8.5846405,2.9732847,1.7120724,-4.625736,-2.7236743,-9.044706,5.8846664,-2.2867591,130
350,-2.4289458,-2.5581515,5.800582,-7.3130026,-5.929111,4.3923473,-6.070894,-2.7421288,-14.476007,7.654987,-0.23692238,3.9094284,11.58088,19.122213,5.9352226,2.980623,-2.0907097,9.924702,4.996586,1.5181847,-3.6484876,-1.8017514,-7.0371847,3.6729863,-1.7912729,130
351,-2.928649,-3.253621,2.9062407,-6.7932577,-9.671337,4.224507,-6.318952,-1.9001275,-15.067677,7.691998,0.048378527,4.2180486,12.81806,18.51602,6.6117797,1.1943531,-1.7020831,7.4983845,5.7587934,0.53639865,-4.678908,-1.0819497,-9.863243,5.603725,-1.6772437,130
352,-2.1228864,-2.4581769,3.544797,-7.500817,-7.301894,4.9862347,-5.960448,-1.308841,-15.03744,7.4497356,-0.6059572,3.4271843,12.949476,17.443705,4.3176613,1.2974787,-2.8639355,7.7106047,6.7335005,1.295362,-4.680225,-2.0409274,-8.049367,2.5149078,-1.036132,130
353,-4.149432,-9.47271,5.8756323,-2.1956701,-12.018309,7.417438,-11.914776,-1.5000658,-18.83928,8.655729,0.21627334,10.368341,16.55863,14.528664,6.0995836,2.117861,2.3914,5.4510207,7.0992656,7.8865385,-6.9158463,-0.33443403,-9.387634,-1.7223473,-2.550536,130
354,-2.1235237,-1.8573965,3.8130567,-8.814526,-6.1606503,3.6967747,-5.3013253,-0.16230786,-14.097583,5.682601,2.417322,4.07656,11.775694,17.569998,3.198034,1.9925668,-1.5435247,7.4569244,6.141677,0.56110835,-3.733136,-1.7172158,-7.5205493,3.414662,-1.1310391,130
355,-1.2977798,-1.7132945,4.5171337,-4.4499664,-9.917309,4.546343,-4.956497,-0.4642954,-13.849203,4.7284613,0.25766414,2.7615986,12.296836,15.80988,6.026307,1.1455173,-0.76078653,5.267745,6.209263,-1.0169675,-5.9068666,-2.5364082,-9.720736,3.9928975,-2.9334602,130
356,-3.1316714,-2.132627,0.7966722,-6.828578,-8.037526,6.044695,-5.203554,-1.447562,-14.721714,6.5462594,1.3190749,3.901325,13.20018,16.723438,5.1969724,-0.1605854,-1.67098,7.8533206,8.057324,0.7244115,-4.910076,-1.1994796,-9.574358,5.292431,-1.8241489,130
357,-3.8764186,-1.0434026,2.2878761,-7.117675,-4.6423697,3.9278007,-5.2987266,-2.2633605,-14.503939,3.9230983,3.9464703,2.279078,13.106737,19.473429,5.326941,-0.53705907,-2.5483484,3.8136938,8.276525,-0.7724781,-3.4683447,-3.2863588,-5.259568,5.6899743,-1.3365533,130
358,-3.8704236,-2.5874934,4.809101,-6.166056,-8.019163,6.1428404,-5.274487,-3.6315646,-14.987984,6.773498,1.5458758,4.376635,13.513338,17.728472,7.1209884,0.6464648,-0.41624832,6.0782504,7.920431,2.2588954,-4.01303,-1.8954906,-10.509186,5.433566,-2.5995193,130
359,-2.6528926,-3.3828368,5.4448028,-3.8473182,-5.6955576,3.1116948,-4.680495,-1.0245752,-11.919947,4.1835747,0.15194696,4.269585,11.548641,17.327698,5.294333,1.4658511,-1.9332933,4.119695,6.594541,-0.45747757,-8.209568,-2.613397,-11.2795,1.0730667,-3.0939426,130
360,-1.7395178,-3.5993056,6.2995033,-4.750763,-9.377051,4.825186,-4.090903,-3.1773114,-15.017944,5.484171,0.9242072,5.268059,12.096979,16.454268,7.5604563,2.4706805,0.13361597,6.7316413,6.0902314,1.515501,-5.325728,-3.6791904,-8.99831,2.126377,-2.6982355,130
361,-1.6784914,-2.1890337,5.9125614,-3.414896,-9.36628,3.1926587,-3.0977304,-1.039922,-12.84519,1.47412,0.69886005,4.0006657,14.172373,15.326504,5.5778666,2.5288272,0.1351881,5.3784904,4.4876356,-0.9214959,-6.897202,-3.4022179,-10.268,3.0483088,-5.538471,130
362,-4.075576,-2.2036893,7.4543815,-4.1646833,-8.531749,2.6600142,-5.2105184,-0.82648724,-12.864587,2.6061053,1.7552129,3.928936,10.825817,15.820158,5.445403,3.8488364,0.3060422,3.3240795,5.093635,-0.6572628,-6.7863483,-2.0501206,-11.207262,0.49948347,-4.8107667,130
363,-2.86726,-2.1311903,6.187728,-3.7176723,-8.49494,2.4117117,-4.4326954,-1.1715276,-14.517914,3.66761,1.3040072,3.598411,12.77603,16.366245,5.558465,2.0604124,-1.1904411,5.1285944,5.600001,-0.5421214,-5.4719734,-2.682979,-11.229778,1.8612027,-4.7290316,130
364,-6.7041926,-2.3380392,7.3463087,-2.6499896,-9.197169,9.862285,-13.822601,-3.5158658,-21.19831,6.5923147,-1.2206571,8.879398,17.09763,19.797417,1.0343294,10.000115,-2.8861508,5.6541843,7.0539036,6.03494,-10.480038,3.9157562,-5.1602015,-5.3397775,-4.8548756,130
